"App","numthreads","variant","Codeptr","Filename","Codeline","Region","Time_Exclusive","Time_Inclusive","MEM_INST_RETIRED:ALL_STORES_excl","MEM_INST_RETIRED:ALL_STORES_incl","MEM_INST_RETIRED:ALL_LOADS_excl","MEM_INST_RETIRED:ALL_LOADS_incl","L1D:REPLACEMENT_excl","L1D:REPLACEMENT_incl","L2_RQSTS:ALL_CODE_RD_excl","L2_RQSTS:ALL_CODE_RD_incl","L2_RQSTS:ALL_DEMAND_REFERENCES_excl","L2_RQSTS:ALL_DEMAND_REFERENCES_incl","L2_RQSTS:CODE_RD_MISS_excl","L2_RQSTS:CODE_RD_MISS_incl","LLC_REFERENCES_excl","LLC_REFERENCES_incl","LLC_MISSES_excl","LLC_MISSES_incl","L1D_W_A = L1D_W_H_excl","L1D_W_A = L1D_W_H_incl","L1D_R_H_excl","L1D_R_H_incl","L2D_H_excl","L2D_H_incl","L3D_A_excl","L3D_A_incl","L3_H_excl","L3_H_incl","MEM_excl","MEM_incl"
"362.fma3d","12","ixe-base","(nil)","n/a","n/a","ImplTaskRegion1",170.287,254.809,137468183475,220502201194,209679971441,304419055230,13378589356,17787128359,20302797784,28853910920,28300909919,38336426785,1588469604,1689363851,2960361511,3690412869,508690309,941042291,137468183475,220502201194,196301382085,286631926871,12006697449,15786079341,1371891907,2001049018,2451671202,2749370578,508690309,941042291
"362.fma3d","12","ixe-base","0x4b4546","n/a","n/a","ImplTaskRegion2",4.13865,4.13865,929123566,929123566,1757272602,1757272602,25767243,25767243,29216420,29216420,49783756,49783756,6953661,6953661,12222609,12222609,7794357,7794357,929123566,929123566,1731505359,1731505359,20498295,20498295,5268948,5268948,4428252,4428252,7794357,7794357
"362.fma3d","12","ixe-base","0x4b4b04","n/a","n/a","ImplTaskRegion3",0.339567,0.339567,105499260,105499260,145185634,145185634,7044812,7044812,10577420,10577420,16939328,16939328,2600099,2600099,4328086,4328086,2682918,2682918,105499260,105499260,138140822,138140822,5316825,5316825,1727987,1727987,1645168,1645168,2682918,2682918
"362.fma3d","12","ixe-base","0x4b4b5f","n/a","n/a","ImplTaskRegion4",0.123532,0.123532,17568085,17568085,24182795,24182795,1148156,1148156,1791767,1791767,2820864,2820864,527813,527813,846925,846925,452183,452183,17568085,17568085,23034639,23034639,829044,829044,319112,319112,394742,394742,452183,452183
"362.fma3d","12","ixe-base","0x46bc23","n/a","n/a","ImplTaskRegion5",0.165036,0.165036,13420659,13420659,18343260,18343260,897157,897157,1454744,1454744,2260612,2260612,467200,467200,721819,721819,364431,364431,13420659,13420659,17446103,17446103,642538,642538,254619,254619,357388,357388,364431,364431
"362.fma3d","12","ixe-base","0x46c056","n/a","n/a","ImplTaskRegion6",0.225076,0.225076,25539723,25539723,35092654,35092654,1663884,1663884,2489872,2489872,3987066,3987066,736999,736999,1210050,1210050,515969,515969,25539723,25539723,33428770,33428770,1190833,1190833,473051,473051,694081,694081,515969,515969
"362.fma3d","12","ixe-base","0x480f01","n/a","n/a","ImplTaskRegion7",0.0637152,0.0637152,5214283,5214283,7055980,7055980,367347,367347,647742,647742,969304,969304,241506,241506,363062,363062,151823,151823,5214283,5214283,6688633,6688633,245791,245791,121556,121556,211239,211239,151823,151823
"362.fma3d","12","ixe-base","0x4810f4","n/a","n/a","ImplTaskRegion8",0.0714445,0.0714445,5124457,5124457,6913386,6913386,369495,369495,637216,637216,955240,955240,235194,235194,360864,360864,156579,156579,5124457,5124457,6543891,6543891,243825,243825,125670,125670,204285,204285,156579,156579
"362.fma3d","12","ixe-base","0x481858","n/a","n/a","ImplTaskRegion9",0.0737443,0.0737443,6410435,6410435,8673237,8673237,411253,411253,676764,676764,1040239,1040239,233726,233726,356462,356462,139607,139607,6410435,6410435,8261984,8261984,288517,288517,122736,122736,216855,216855,139607,139607
"362.fma3d","12","ixe-base","0x481c10","n/a","n/a","ImplTaskRegion10",0.0514774,0.0514774,6053240,6053240,8220460,8220460,418831,418831,734645,734645,1103468,1103468,259509,259509,394256,394256,159488,159488,6053240,6053240,7801629,7801629,284084,284084,134747,134747,234768,234768,159488,159488
"362.fma3d","12","ixe-base","0x48253e","n/a","n/a","ImplTaskRegion11",0.0589218,0.0589218,4120196,4120196,5486422,5486422,286717,286717,525167,525167,777576,777576,201354,201354,299314,299314,118345,118345,4120196,4120196,5199705,5199705,188757,188757,97960,97960,180969,180969,118345,118345
"362.fma3d","12","ixe-base","0x483b4f","n/a","n/a","ImplTaskRegion12",0.0604243,0.0604243,6294674,6294674,8451019,8451019,403469,403469,664968,664968,1019676,1019676,231126,231126,356094,356094,149245,149245,6294674,6294674,8047550,8047550,278501,278501,124968,124968,206849,206849,149245,149245
"362.fma3d","12","ixe-base","0x483d28","n/a","n/a","ImplTaskRegion13",0.0573349,0.0573349,4252780,4252780,5705153,5705153,308206,308206,547671,547671,811993,811993,214509,214509,319810,319810,117879,117879,4252780,4252780,5396947,5396947,202905,202905,105301,105301,201931,201931,117879,117879
"362.fma3d","12","ixe-base","0x483f01","n/a","n/a","ImplTaskRegion14",0.056519,0.056519,3988691,3988691,5332155,5332155,270738,270738,499559,499559,739010,739010,190473,190473,279252,279252,99443,99443,3988691,3988691,5061417,5061417,181959,181959,88779,88779,179809,179809,99443,99443
"362.fma3d","12","ixe-base","0x48459a","n/a","n/a","ImplTaskRegion15",0.522336,0.522336,83451339,83451339,97937713,97937713,10019827,10019827,1302182,1302182,4470886,4470886,305027,305027,3797270,3797270,2079046,2079046,83451339,83451339,87917886,87917886,6527584,6527584,3492243,3492243,1718224,1718224,2079046,2079046
"362.fma3d","12","ixe-base","0x48563b","n/a","n/a","ImplTaskRegion16",0.4367,0.4367,59204640,59204640,93977768,93977768,10078913,10078913,978841,978841,3776782,3776782,338263,338263,3762355,3762355,1937302,1937302,59204640,59204640,83898855,83898855,6654821,6654821,3424092,3424092,1825053,1825053,1937302,1937302
"362.fma3d","12","ixe-base","0x48617b","n/a","n/a","ImplTaskRegion17",0.0804844,0.0804844,8872881,8872881,11245686,11245686,688051,688051,595895,595895,956215,956215,245074,245074,439711,439711,202784,202784,8872881,8872881,10557635,10557635,493414,493414,194637,194637,236927,236927,202784,202784
"362.fma3d","12","ixe-base","0x46c65d","n/a","n/a","ImplTaskRegion18",0.124068,0.124068,6904226,6904226,9342136,9342136,494827,494827,887890,887890,1328756,1328756,328593,328593,494695,494695,237648,237648,6904226,6904226,8847309,8847309,328725,328725,166102,166102,257047,257047,237648,237648
"362.fma3d","12","ixe-base","0x46c84e","n/a","n/a","ImplTaskRegion19",0.051084,0.051084,4208522,4208522,5625691,5625691,304957,304957,580647,580647,847537,847537,234231,234231,342141,342141,179035,179035,4208522,4208522,5320734,5320734,197047,197047,107910,107910,163106,163106,179035,179035
"362.fma3d","12","ixe-base","0x46ce00","n/a","n/a","ImplTaskRegion20",0.0942221,0.0942221,6967551,6967551,9279292,9279292,451451,451451,814292,814292,1215904,1215904,310904,310904,466567,466567,211346,211346,6967551,6967551,8827841,8827841,295788,295788,155663,155663,255221,255221,211346,211346
"362.fma3d","12","ixe-base","0x46d13f","n/a","n/a","ImplTaskRegion21",0.108712,0.108712,6935808,6935808,9269814,9269814,444576,444576,799223,799223,1191606,1191606,312372,312372,466898,466898,189040,189040,6935808,6935808,8825238,8825238,290050,290050,154526,154526,277858,277858,189040,189040
"362.fma3d","12","ixe-base","0x46da6c","n/a","n/a","ImplTaskRegion22",0.25918,0.25918,41792814,41792814,55487077,55487077,6091938,6091938,793924,793924,2578751,2578751,297394,297394,2328447,2328447,1105279,1105279,41792814,41792814,49395139,49395139,4060885,4060885,2031053,2031053,1223168,1223168,1105279,1105279
"362.fma3d","12","ixe-base","0x46dc59","n/a","n/a","ImplTaskRegion23",0.32054,0.32054,269978642,269978642,444306541,444306541,690451,690451,662411,662411,1308918,1308918,269789,269789,825467,825467,302010,302010,269978642,269978642,443616090,443616090,134773,134773,555678,555678,523457,523457,302010,302010
"362.fma3d","12","ixe-base","0x4b5d25","n/a","n/a","ImplTaskRegion24",0.405967,0.405967,292350538,292350538,484021190,484021190,5650756,5650756,1120176,1120176,2803676,2803676,416021,416021,1708237,1708237,976219,976219,292350538,292350538,478370434,478370434,4358540,4358540,1292216,1292216,732018,732018,976219,976219
"362.fma3d","12","ixe-base","0x4b815c","n/a","n/a","ImplTaskRegion25",0.0868676,0.0868676,6997967,6997967,9055961,9055961,470020,470020,663214,663214,1080282,1080282,262143,262143,484911,484911,251226,251226,6997967,6997967,8585941,8585941,247252,247252,222768,222768,233685,233685,251226,251226
"362.fma3d","12","ixe-base","0x4b81b6","n/a","n/a","ImplTaskRegion26",0.0294237,0.0294237,3011779,3011779,3964340,3964340,189873,189873,374767,374767,542703,542703,146603,146603,207338,207338,77027,77027,3011779,3011779,3774467,3774467,129138,129138,60735,60735,130311,130311,77027,77027
"362.fma3d","12","ixe-base","0x4b8210","n/a","n/a","ImplTaskRegion27",0.241339,0.241339,19615616,19615616,37331880,37331880,4578465,4578465,634469,634469,2214803,2214803,233497,233497,1651177,1651177,1031366,1031366,19615616,19615616,32753415,32753415,3160785,3160785,1417680,1417680,619811,619811,1031366,1031366
"362.fma3d","12","ixe-base","0x4b826a","n/a","n/a","ImplTaskRegion28",0.0345795,0.0345795,3095508,3095508,4101523,4101523,195843,195843,369552,369552,540053,540053,138625,138625,199727,199727,92219,92219,3095508,3095508,3905680,3905680,134741,134741,61102,61102,107508,107508,92219,92219
"362.fma3d","12","ixe-base","0x4b82c4","n/a","n/a","ImplTaskRegion29",0.0126865,0.0126865,3085126,3085126,4067308,4067308,188181,188181,353082,353082,517685,517685,124529,124529,186713,186713,58378,58378,3085126,3085126,3879127,3879127,125997,125997,62184,62184,128335,128335,58378,58378
"362.fma3d","12","ixe-base","0x4b831e","n/a","n/a","ImplTaskRegion30",0.0364878,0.0364878,3048966,3048966,4023200,4023200,195258,195258,378300,378300,550535,550535,149107,149107,210900,210900,71398,71398,3048966,3048966,3827942,3827942,133465,133465,61793,61793,139502,139502,71398,71398
"362.fma3d","12","ixe-base","0x4b83d0","n/a","n/a","ImplTaskRegion31",0.0404859,0.0404859,3070897,3070897,4080314,4080314,206927,206927,403248,403248,582993,582993,171849,171849,245564,245564,92623,92623,3070897,3070897,3873387,3873387,133212,133212,73715,73715,152941,152941,92623,92623
"362.fma3d","12","ixe-base","0x4b842a","n/a","n/a","ImplTaskRegion32",0.0997326,0.0997326,19230613,19230613,29970349,29970349,3616642,3616642,623868,623868,1533910,1533910,232893,232893,1118585,1118585,732901,732901,19230613,19230613,26353707,26353707,2730950,2730950,885692,885692,385684,385684,732901,732901
"362.fma3d","12","ixe-base","0x4b8484","n/a","n/a","ImplTaskRegion33",0.0350847,0.0350847,3342583,3342583,4472882,4472882,215401,215401,403154,403154,585058,585058,163826,163826,234932,234932,89124,89124,3342583,3342583,4257481,4257481,144295,144295,71106,71106,145808,145808,89124,89124
"362.fma3d","12","ixe-base","0x4b84de","n/a","n/a","ImplTaskRegion34",0.0336697,0.0336697,3100027,3100027,4117121,4117121,198722,198722,374799,374799,547126,547126,141006,141006,204172,204172,68134,68134,3100027,3100027,3918399,3918399,135556,135556,63166,63166,136038,136038,68134,68134
"362.fma3d","12","ixe-base","0x4b8538","n/a","n/a","ImplTaskRegion35",0.0363715,0.0363715,3060360,3060360,4040690,4040690,194813,194813,378552,378552,550495,550495,149063,149063,210417,210417,71540,71540,3060360,3060360,3845877,3845877,133459,133459,61354,61354,138877,138877,71540,71540
"362.fma3d","12","ixe-base","0x4dd542","n/a","n/a","ImplTaskRegion36",0.100091,0.100091,14228970,14228970,26425663,26425663,2832169,2832169,720806,720806,1541348,1541348,283186,283186,779059,779059,405657,405657,14228970,14228970,23593494,23593494,2336296,2336296,495873,495873,373402,373402,405657,405657
"362.fma3d","12","ixe-base","0x4dd671","n/a","n/a","ImplTaskRegion37",0.0835481,0.0835481,18678529,18678529,23055699,23055699,1600177,1600177,593776,593776,1203173,1203173,237784,237784,656054,656054,352991,352991,18678529,18678529,21455522,21455522,1181907,1181907,418270,418270,303063,303063,352991,352991
"362.fma3d","12","ixe-base","0x4641d7","n/a","n/a","ImplTaskRegion38",4.10313,4.10313,2060516319,2060516319,2059298770,2059298770,59368859,59368859,246082146,246082146,291203640,291203640,2736036,2736036,20399375,20399375,11313696,11313696,2060516319,2060516319,1999929911,1999929911,41705520,41705520,17663339,17663339,9085679,9085679,11313696,11313696
"362.fma3d","12","ixe-base","0x46329d","n/a","n/a","ImplTaskRegion39",0.0529177,0.0529177,18069197,18069197,28805130,28805130,329168,329168,575976,575976,864554,864554,214833,214833,323032,323032,149941,149941,18069197,18069197,28475962,28475962,220969,220969,108199,108199,173091,173091,149941,149941
"362.fma3d","12","ixe-base","0x4633d3","n/a","n/a","ImplTaskRegion40",0.188318,0.188318,12534680,12534680,19137768,19137768,1155943,1155943,1188986,1188986,1920803,1920803,452843,452843,786491,786491,325839,325839,12534680,12534680,17981825,17981825,822295,822295,333648,333648,460652,460652,325839,325839
"362.fma3d","12","ixe-base","0x4637b4","n/a","n/a","ImplTaskRegion41",0.154815,0.154815,27981174,27981174,39488627,39488627,1422950,1422950,847854,847854,1962875,1962875,317737,317737,864328,864328,350802,350802,27981174,27981174,38065677,38065677,876359,876359,546591,546591,513526,513526,350802,350802
"362.fma3d","12","ixe-base","0x462178","n/a","n/a","ImplTaskRegion42",0.586682,0.586682,106475343,106475343,167711301,167711301,22703392,22703392,2216384,2216384,13197313,13197313,714897,714897,3954363,3954363,2764358,2764358,106475343,106475343,145007909,145007909,19463926,19463926,3239466,3239466,1190005,1190005,2764358,2764358
"362.fma3d","12","ixe-base","0x511bc4","n/a","n/a","ImplTaskRegion43",0.286184,0.286184,74713944,74713944,168679224,168679224,27343997,27343997,933580,933580,6109204,6109204,329475,329475,3739748,3739748,2549581,2549581,74713944,74713944,141335227,141335227,23933724,23933724,3410273,3410273,1190167,1190167,2549581,2549581
"362.fma3d","12","ixe-base","0x4dd7a4","n/a","n/a","ImplTaskRegion44",0.152709,0.152709,23992694,23992694,30486990,30486990,1913945,1913945,1084587,1084587,2469468,2469468,431711,431711,941255,941255,519975,519975,23992694,23992694,28573045,28573045,1404401,1404401,509544,509544,421280,421280,519975,519975
"362.fma3d","12","ixe-base","0x4dd93c","n/a","n/a","ImplTaskRegion45",0.187062,0.187062,19950639,19950639,25050467,25050467,1669346,1669346,1197281,1197281,2283626,2283626,404642,404642,1155717,1155717,730349,730349,19950639,19950639,23381121,23381121,918271,918271,751075,751075,425368,425368,730349,730349
"362.fma3d","12","ixe-base","0x4dd9dd","n/a","n/a","ImplTaskRegion46",40.3039,40.3039,18276117758,18276117758,43073315631,43073315631,6304141962,6304141962,107467916,107467916,783467012,783467012,51660764,51660764,686273327,686273327,549585616,549585616,18276117758,18276117758,36769173669,36769173669,5669529399,5669529399,634612563,634612563,136687711,136687711,549585616,549585616
"362.fma3d","12","ixe-base","0x4e5bbd","n/a","n/a","ImplTaskRegion47",0.367028,0.367028,21813663,21813663,30055041,30055041,1450563,1450563,2261063,2261063,3562325,3562325,683408,683408,1114901,1114901,603704,603704,21813663,21813663,28604478,28604478,1019070,1019070,431493,431493,511197,511197,603704,603704
"362.fma3d","12","ixe-base","0x4e5c42","n/a","n/a","ImplTaskRegion48",2.36918,2.36918,1809741057,1809741057,2155688946,2155688946,92694605,92694605,103812173,103812173,162544865,162544865,34078813,34078813,58937237,58937237,30877675,30877675,1809741057,1809741057,2062994341,2062994341,67836181,67836181,24858424,24858424,28059562,28059562,30877675,30877675
"362.fma3d","12","ixe-base","0x4de059","n/a","n/a","ImplTaskRegion49",30.0094,30.0094,25767200827,25767200827,39797057727,39797057727,3039914904,3039914904,151992802,151992802,539205803,539205803,56758808,56758808,555716638,555716638,433798609,433798609,25767200827,25767200827,36757142823,36757142823,2540957074,2540957074,498957830,498957830,121918029,121918029,433798609,433798609
"362.fma3d","12","ixe-base","0x4de187","n/a","n/a","ImplTaskRegion50",25.1376,25.1376,16782963634,16782963634,30443993388,30443993388,3322452910,3322452910,104991227,104991227,453401322,453401322,49536592,49536592,414267768,414267768,258538450,258538450,16782963634,16782963634,27121540478,27121540478,2957721734,2957721734,364731176,364731176,155729318,155729318,258538450,258538450
"362.fma3d","12","ixe-base","0x45a009","n/a","n/a","ImplTaskRegion51",622.383,622.383,803024398801,803024398801,783574177757,783574177757,16508260364,16508260364,101283905330,101283905330,113013037861,113013037861,117702014,117702014,2607709665,2607709665,1902910071,1902910071,803024398801,803024398801,767065917393,767065917393,14018252713,14018252713,2490007651,2490007651,704799594,704799594,1902910071,1902910071
"362.fma3d","12","ixe-base","0x4f03a7","n/a","n/a","ImplTaskRegion52",108.843,108.843,47975660009,47975660009,115838799208,115838799208,18387096692,18387096692,119179399,119179399,2469313222,2469313222,64438364,64438364,1944163562,1944163562,1440665940,1440665940,47975660009,47975660009,97451702516,97451702516,16507371494,16507371494,1879725198,1879725198,503497622,503497622,1440665940,1440665940
"App","numthreads","variant","Codeptr","Filename","Codeline","Region","Time_Exclusive","Time_Inclusive","MEM_INST_RETIRED:ALL_STORES_excl","MEM_INST_RETIRED:ALL_STORES_incl","MEM_INST_RETIRED:ALL_LOADS_excl","MEM_INST_RETIRED:ALL_LOADS_incl","L1D:REPLACEMENT_excl","L1D:REPLACEMENT_incl","L2_RQSTS:ALL_CODE_RD_excl","L2_RQSTS:ALL_CODE_RD_incl","L2_RQSTS:ALL_DEMAND_REFERENCES_excl","L2_RQSTS:ALL_DEMAND_REFERENCES_incl","L2_RQSTS:CODE_RD_MISS_excl","L2_RQSTS:CODE_RD_MISS_incl","LLC_REFERENCES_excl","LLC_REFERENCES_incl","LLC_MISSES_excl","LLC_MISSES_incl","L1D_W_A = L1D_W_H_excl","L1D_W_A = L1D_W_H_incl","L1D_R_H_excl","L1D_R_H_incl","L2D_H_excl","L2D_H_incl","L3D_A_excl","L3D_A_incl","L3_H_excl","L3_H_incl","MEM_excl","MEM_incl"
"362.fma3d","12","base","(nil)","n/a","n/a","ImplTaskRegion1",3.26042,7.26765,1914162811,4472993402,4076303210,8403381766,441548641,657562143,78630594,82318551,462285652,585947833,801996,3516657,397288998,608603542,221044458,361582304,1914162811,4472993402,3634754569,7745819623,45061639,52475258,396487002,605086885,176244540,247021238,221044458,361582304
"362.fma3d","12","base","0x4dd64d","/rwthfs/rz/cluster/work/pj416018/jube-out/spec-out/benchspec/OMP2012/362.fma3d/build/build_base_base-profiler.0000/fma1.f90","866","ImplTaskRegion2",0.00324392,0.00324392,44003,44003,54621,54621,7329,7329,17672,17672,24203,24203,8163,8163,12614,12614,8853,8853,44003,44003,47292,47292,2878,2878,4451,4451,3761,3761,8853,8853
"362.fma3d","12","base","0x4ddbc2","/rwthfs/rz/cluster/work/pj416018/jube-out/spec-out/benchspec/OMP2012/362.fma3d/build/build_base_base-profiler.0000/fma1.f90","967","ImplTaskRegion3",6.79493e-05,6.79493e-05,23875,23875,41840,41840,1504,1504,5411,5411,6684,6684,609,609,1209,1209,872,872,23875,23875,40336,40336,904,904,600,600,337,337,872,872
"362.fma3d","12","base","0x4ddbdc","/rwthfs/rz/cluster/work/pj416018/jube-out/spec-out/benchspec/OMP2012/362.fma3d/build/build_base_base-profiler.0000/fma1.f90","985","ImplTaskRegion4",6.22272e-05,6.22272e-05,22684,22684,41201,41201,1365,1365,4506,4506,5665,5665,124,124,616,616,432,432,22684,22684,39836,39836,873,873,492,492,184,184,432,432
"362.fma3d","12","base","0x4de1c8","/rwthfs/rz/cluster/work/pj416018/jube-out/spec-out/benchspec/OMP2012/362.fma3d/build/build_base_base-profiler.0000/fma1.f90","124","ImplTaskRegion5",0.0002563,0.0002563,23332,23332,40327,40327,2354,2354,10898,10898,12984,12984,4721,4721,5930,5930,4026,4026,23332,23332,37973,37973,1145,1145,1209,1209,1904,1904,4026,4026
"362.fma3d","12","base","0x4de38f","/rwthfs/rz/cluster/work/pj416018/jube-out/spec-out/benchspec/OMP2012/362.fma3d/build/build_base_base-profiler.0000/fma1.f90","150","ImplTaskRegion6",0.000118494,0.000118494,25884,25884,41442,41442,2312,2312,9335,9335,11341,11341,4810,4810,6392,6392,4180,4180,25884,25884,39130,39130,730,730,1582,1582,2212,2212,4180,4180
"362.fma3d","12","base","0x4c38d7","/rwthfs/rz/cluster/work/pj416018/jube-out/spec-out/benchspec/OMP2012/362.fma3d/build/build_base_base-profiler.0000/fma1.f90","1621","ImplTaskRegion7",6.55651e-05,6.55651e-05,21748,21748,38966,38966,1111,1111,6091,6091,7080,7080,1490,1490,1745,1745,1245,1245,21748,21748,37855,37855,856,856,255,255,500,500,1245,1245
"362.fma3d","12","base","0x4c398b","/rwthfs/rz/cluster/work/pj416018/jube-out/spec-out/benchspec/OMP2012/362.fma3d/build/build_base_base-profiler.0000/fma1.f90","1638","ImplTaskRegion8",5.24521e-05,5.24521e-05,21767,21767,39067,39067,984,984,4100,4100,4953,4953,272,272,476,476,302,302,21767,21767,38083,38083,780,780,204,204,174,174,302,302
"362.fma3d","12","base","0x4c3c52","/rwthfs/rz/cluster/work/pj416018/jube-out/spec-out/benchspec/OMP2012/362.fma3d/build/build_base_base-profiler.0000/fma1.f90","1694","ImplTaskRegion9",5.55515e-05,5.55515e-05,22411,22411,39802,39802,1086,1086,4205,4205,5129,5129,411,411,653,653,432,432,22411,22411,38716,38716,844,844,242,242,221,221,432,432
"362.fma3d","12","base","0x4c3d11","/rwthfs/rz/cluster/work/pj416018/jube-out/spec-out/benchspec/OMP2012/362.fma3d/build/build_base_base-profiler.0000/fma1.f90","1739","ImplTaskRegion10",6.10352e-05,6.10352e-05,21704,21704,38964,38964,1542,1542,4965,4965,6318,6318,635,635,938,938,482,482,21704,21704,37422,37422,1239,1239,303,303,456,456,482,482
"362.fma3d","12","base","0x4c4080","/rwthfs/rz/cluster/work/pj416018/jube-out/spec-out/benchspec/OMP2012/362.fma3d/build/build_base_base-profiler.0000/fma1.f90","1805","ImplTaskRegion11",5.53131e-05,5.53131e-05,21779,21779,39002,39002,933,933,4014,4014,4813,4813,322,322,515,515,272,272,21779,21779,38069,38069,740,740,193,193,243,243,272,272
"362.fma3d","12","base","0x4c48b2","/rwthfs/rz/cluster/work/pj416018/jube-out/spec-out/benchspec/OMP2012/362.fma3d/build/build_base_base-profiler.0000/fma1.f90","1977","ImplTaskRegion12",6.65188e-05,6.65188e-05,25976,25976,42148,42148,1242,1242,4324,4324,5381,5381,287,287,724,724,286,286,25976,25976,40906,40906,805,805,437,437,438,438,286,286
"362.fma3d","12","base","0x4c4966","/rwthfs/rz/cluster/work/pj416018/jube-out/spec-out/benchspec/OMP2012/362.fma3d/build/build_base_base-profiler.0000/fma1.f90","1992","ImplTaskRegion13",4.95911e-05,4.95911e-05,21729,21729,39082,39082,911,911,3824,3824,4614,4614,4,4,200,200,136,136,21729,21729,38171,38171,715,715,196,196,64,64,136,136
"362.fma3d","12","base","0x4c4a1e","/rwthfs/rz/cluster/work/pj416018/jube-out/spec-out/benchspec/OMP2012/362.fma3d/build/build_base_base-profiler.0000/fma1.f90","2003","ImplTaskRegion14",4.93526e-05,4.93526e-05,21853,21853,39249,39249,1024,1024,4450,4450,5331,5331,201,201,329,329,191,191,21853,21853,38225,38225,896,896,128,128,138,138,191,191
"362.fma3d","12","base","0x4c4cca","/rwthfs/rz/cluster/work/pj416018/jube-out/spec-out/benchspec/OMP2012/362.fma3d/build/build_base_base-profiler.0000/fma1.f90","2042","ImplTaskRegion15",0.0159647,0.0159647,5089859,5089859,39175,39175,531956,531956,7882,7882,511257,511257,3527,3527,533387,533387,356013,356013,5089859,5089859,-492781,-492781,2096,2096,529860,529860,177374,177374,356013,356013
"362.fma3d","12","base","0x4c5308","/rwthfs/rz/cluster/work/pj416018/jube-out/spec-out/benchspec/OMP2012/362.fma3d/build/build_base_base-profiler.0000/fma1.f90","2173","ImplTaskRegion16",0.0114925,0.0114925,5136988,5136988,38996,38996,494913,494913,7546,7546,343201,343201,4765,4765,496043,496043,208761,208761,5136988,5136988,-455917,-455917,3635,3635,491278,491278,287282,287282,208761,208761
"362.fma3d","12","base","0x4c5762","/rwthfs/rz/cluster/work/pj416018/jube-out/spec-out/benchspec/OMP2012/362.fma3d/build/build_base_base-profiler.0000/fma1.f90","2251","ImplTaskRegion17",0.00193,0.00193,309091,309091,40529,40529,3251,3251,9607,9607,12266,12266,4423,4423,6108,6108,3411,3411,309091,309091,37278,37278,1566,1566,1685,1685,2697,2697,3411,3411
"362.fma3d","12","base","0x4de65a","/rwthfs/rz/cluster/work/pj416018/jube-out/spec-out/benchspec/OMP2012/362.fma3d/build/build_base_base-profiler.0000/fma1.f90","271","ImplTaskRegion18",0.000594378,0.000594378,22219,22219,39298,39298,2356,2356,12919,12919,15012,15012,7608,7608,9228,9228,5547,5547,22219,22219,36942,36942,736,736,1620,1620,3681,3681,5547,5547
"362.fma3d","12","base","0x4de729","/rwthfs/rz/cluster/work/pj416018/jube-out/spec-out/benchspec/OMP2012/362.fma3d/build/build_base_base-profiler.0000/fma1.f90","292","ImplTaskRegion19",0.000222921,0.000222921,21832,21832,39263,39263,2000,2000,8915,8915,10699,10699,4500,4500,5385,5385,3405,3405,21832,21832,37263,37263,1115,1115,885,885,1980,1980,3405,3405
"362.fma3d","12","base","0x4de97d","/rwthfs/rz/cluster/work/pj416018/jube-out/spec-out/benchspec/OMP2012/362.fma3d/build/build_base_base-profiler.0000/fma1.f90","350","ImplTaskRegion20",0.00131154,0.00131154,65577,65577,39128,39128,4976,4976,7211,7211,11305,11305,2516,2516,5151,5151,2648,2648,65577,65577,34152,34152,2341,2341,2635,2635,2503,2503,2648,2648
"362.fma3d","12","base","0x4deac6","/rwthfs/rz/cluster/work/pj416018/jube-out/spec-out/benchspec/OMP2012/362.fma3d/build/build_base_base-profiler.0000/fma1.f90","362","ImplTaskRegion21",0.000754118,0.000754118,65144,65144,39072,39072,4094,4094,5498,5498,8897,8897,337,337,2291,2291,554,554,65144,65144,34978,34978,2140,2140,1954,1954,1737,1737,554,554
"362.fma3d","12","base","0x4dedf9","/rwthfs/rz/cluster/work/pj416018/jube-out/spec-out/benchspec/OMP2012/362.fma3d/build/build_base_base-profiler.0000/fma1.f90","411","ImplTaskRegion22",0.00782061,0.00782061,2622752,2622752,39002,39002,297552,297552,7559,7559,205342,205342,4174,4174,300632,300632,126682,126682,2622752,2622752,-258550,-258550,1094,1094,296458,296458,173950,173950,126682,126682
"362.fma3d","12","base","0x4deea7","/rwthfs/rz/cluster/work/pj416018/jube-out/spec-out/benchspec/OMP2012/362.fma3d/build/build_base_base-profiler.0000/fma1.f90","422","ImplTaskRegion23",0.00765133,0.00765133,888808,888808,39099,39099,166502,166502,6665,6665,98263,98263,3928,3928,169371,169371,85489,85489,888808,888808,-127403,-127403,1059,1059,165443,165443,83882,83882,85489,85489
"362.fma3d","12","base","0x49648b","/rwthfs/rz/cluster/work/pj416018/jube-out/spec-out/benchspec/OMP2012/362.fma3d/build/build_base_base-profiler.0000/fma1.f90","9313","ImplTaskRegion24",0.00357199,0.00357199,3493843,3493843,44531,44531,544224,544224,6965,6965,387540,387540,4138,4138,548266,548266,238997,238997,3493843,3493843,-499693,-499693,96,96,544128,544128,309269,309269,238997,238997
"362.fma3d","12","base","0x49e578","/rwthfs/rz/cluster/work/pj416018/jube-out/spec-out/benchspec/OMP2012/362.fma3d/build/build_base_base-profiler.0000/fma1.f90","9461","ImplTaskRegion25",0.00120044,0.00120044,109158,109158,38993,38993,89331,89331,3981,3981,62274,62274,2094,2094,90403,90403,81427,81427,109158,109158,-50338,-50338,1022,1022,88309,88309,8976,8976,81427,81427
"362.fma3d","12","base","0x49e59d","/rwthfs/rz/cluster/work/pj416018/jube-out/spec-out/benchspec/OMP2012/362.fma3d/build/build_base_base-profiler.0000/fma1.f90","9471","ImplTaskRegion26",4.52995e-05,4.52995e-05,21756,21756,38938,38938,843,843,3530,3530,4247,4247,781,781,1139,1139,656,656,21756,21756,38095,38095,485,485,358,358,483,483,656,656
"362.fma3d","12","base","0x49e5c0","/rwthfs/rz/cluster/work/pj416018/jube-out/spec-out/benchspec/OMP2012/362.fma3d/build/build_base_base-profiler.0000/fma1.f90","9478","ImplTaskRegion27",0.00267601,0.00267601,368576,368576,385879,385879,289164,289164,4577,4577,232572,232572,1468,1468,303748,303748,251290,251290,368576,368576,96715,96715,-13116,-13116,302280,302280,52458,52458,251290,251290
"362.fma3d","12","base","0x49e5e3","/rwthfs/rz/cluster/work/pj416018/jube-out/spec-out/benchspec/OMP2012/362.fma3d/build/build_base_base-profiler.0000/fma1.f90","9483","ImplTaskRegion28",5.126e-05,5.126e-05,21916,21916,39227,39227,853,853,3921,3921,4653,4653,1746,1746,2210,2210,1381,1381,21916,21916,38374,38374,389,389,464,464,829,829,1381,1381
"362.fma3d","12","base","0x49e608","/rwthfs/rz/cluster/work/pj416018/jube-out/spec-out/benchspec/OMP2012/362.fma3d/build/build_base_base-profiler.0000/fma1.f90","9487","ImplTaskRegion29",6.48499e-05,6.48499e-05,21776,21776,39031,39031,1431,1431,4431,4431,5695,5695,622,622,969,969,424,424,21776,21776,37600,37600,1084,1084,347,347,545,545,424,424
"362.fma3d","12","base","0x49e62b","/rwthfs/rz/cluster/work/pj416018/jube-out/spec-out/benchspec/OMP2012/362.fma3d/build/build_base_base-profiler.0000/fma1.f90","9494","ImplTaskRegion30",4.48227e-05,4.48227e-05,21756,21756,38939,38939,1016,1016,4116,4116,4963,4963,256,256,418,418,179,179,21756,21756,37923,37923,854,854,162,162,239,239,179,179
"362.fma3d","12","base","0x49e6ea","/rwthfs/rz/cluster/work/pj416018/jube-out/spec-out/benchspec/OMP2012/362.fma3d/build/build_base_base-profiler.0000/fma1.f90","9533","ImplTaskRegion31",5.17368e-05,5.17368e-05,22056,22056,39427,39427,927,927,3990,3990,4787,4787,1253,1253,1734,1734,1325,1325,22056,22056,38500,38500,446,446,481,481,409,409,1325,1325
"362.fma3d","12","base","0x49e70d","/rwthfs/rz/cluster/work/pj416018/jube-out/spec-out/benchspec/OMP2012/362.fma3d/build/build_base_base-profiler.0000/fma1.f90","9540","ImplTaskRegion32",0.00201988,0.00201988,368556,368556,732587,732587,302777,302777,3679,3679,184433,184433,959,959,363331,363331,242645,242645,368556,368556,429810,429810,-59595,-59595,362372,362372,120686,120686,242645,242645
"362.fma3d","12","base","0x49e732","/rwthfs/rz/cluster/work/pj416018/jube-out/spec-out/benchspec/OMP2012/362.fma3d/build/build_base_base-profiler.0000/fma1.f90","9548","ImplTaskRegion33",8.58307e-05,8.58307e-05,23050,23050,40573,40573,1028,1028,4694,4694,5582,5582,2434,2434,2865,2865,1816,1816,23050,23050,39545,39545,597,597,431,431,1049,1049,1816,1816
"362.fma3d","12","base","0x49e755","/rwthfs/rz/cluster/work/pj416018/jube-out/spec-out/benchspec/OMP2012/362.fma3d/build/build_base_base-profiler.0000/fma1.f90","9555","ImplTaskRegion34",6.00815e-05,6.00815e-05,21921,21921,39247,39247,899,899,4149,4149,4908,4908,291,291,458,458,224,224,21921,21921,38348,38348,732,732,167,167,234,234,224,224
"362.fma3d","12","base","0x49e778","/rwthfs/rz/cluster/work/pj416018/jube-out/spec-out/benchspec/OMP2012/362.fma3d/build/build_base_base-profiler.0000/fma1.f90","9562","ImplTaskRegion35",7.82013e-05,7.82013e-05,21776,21776,39031,39031,1075,1075,4016,4016,4958,4958,222,222,433,433,198,198,21776,21776,37956,37956,864,864,211,211,235,235,198,198
"362.fma3d","12","base","0x549f0c","/rwthfs/rz/cluster/work/pj416018/jube-out/spec-out/benchspec/OMP2012/362.fma3d/build/build_base_base-profiler.0000/fma2.f90","137","ImplTaskRegion36",0.00102234,0.00102234,546043,546043,38963,38963,176995,176995,5066,5066,91466,91466,1851,1851,177890,177890,117334,117334,546043,546043,-138032,-138032,956,956,176039,176039,60556,60556,117334,117334
"362.fma3d","12","base","0x54a10a","/rwthfs/rz/cluster/work/pj416018/jube-out/spec-out/benchspec/OMP2012/362.fma3d/build/build_base_base-profiler.0000/fma2.f90","178","ImplTaskRegion37",0.00367141,0.00367141,1070428,1070428,39157,39157,133279,133279,5622,5622,72782,72782,2362,2362,126475,126475,121556,121556,1070428,1070428,-94122,-94122,9166,9166,124113,124113,4919,4919,121556,121556
"362.fma3d","12","base","0x465ca5","/rwthfs/rz/cluster/work/pj416018/jube-out/spec-out/benchspec/OMP2012/362.fma3d/build/build_base_base-profiler.0000/platq.f90","172","ImplTaskRegion38",0.0539005,0.0539005,67996380,67996380,110274453,110274453,1663789,1663789,27665,27665,1022921,1022921,17625,17625,1406089,1406089,1160958,1160958,67996380,67996380,108610664,108610664,275325,275325,1388464,1388464,245131,245131,1160958,1160958
"362.fma3d","12","base","0x465596","/rwthfs/rz/cluster/work/pj416018/jube-out/spec-out/benchspec/OMP2012/362.fma3d/build/build_base_base-profiler.0000/platq.f90","541","ImplTaskRegion39",0.000190735,0.000190735,65929,65929,39688,39688,13555,13555,5503,5503,12590,12590,2115,2115,13785,13785,12651,12651,65929,65929,26133,26133,1885,1885,11670,11670,1134,1134,12651,12651
"362.fma3d","12","base","0x46572e","/rwthfs/rz/cluster/work/pj416018/jube-out/spec-out/benchspec/OMP2012/362.fma3d/build/build_base_base-profiler.0000/platq.f90","562","ImplTaskRegion40",0.000140905,0.000140905,22021,22021,83095,83095,13048,13048,4557,4557,6695,6695,1491,1491,13178,13178,9562,9562,22021,22021,70047,70047,1361,1361,11687,11687,3616,3616,9562,9562
"362.fma3d","12","base","0x465939","/rwthfs/rz/cluster/work/pj416018/jube-out/spec-out/benchspec/OMP2012/362.fma3d/build/build_base_base-profiler.0000/platq.f90","576","ImplTaskRegion41",0.00603557,0.00603557,1288796,1288796,1000293,1000293,75366,75366,5899,5899,79446,79446,870,870,70657,70657,45812,45812,1288796,1288796,924927,924927,5579,5579,69787,69787,24845,24845,45812,45812
"362.fma3d","12","base","0x465b92","/rwthfs/rz/cluster/work/pj416018/jube-out/spec-out/benchspec/OMP2012/362.fma3d/build/build_base_base-profiler.0000/platq.f90","599","ImplTaskRegion42",0.00802135,0.00802135,291842,291842,5528018,5528018,905825,905825,8313,8313,644804,644804,5356,5356,1153985,1153985,627112,627112,291842,291842,4622193,4622193,-242804,-242804,1148629,1148629,526873,526873,627112,627112
"362.fma3d","12","base","0x51c5ee","/rwthfs/rz/cluster/work/pj416018/jube-out/spec-out/benchspec/OMP2012/362.fma3d/build/build_base_base-profiler.0000/fma2.f90","4202","ImplTaskRegion43",8.96594,8.96594,388710321,388710321,3026959751,3026959751,956412313,956412313,2863619,2863619,554568810,554568810,2322384,2322384,990911299,990911299,687600445,687600445,388710321,388710321,2070547438,2070547438,-32176602,-32176602,988588915,988588915,303310854,303310854,687600445,687600445
"362.fma3d","12","base","0x5496d7","/rwthfs/rz/cluster/work/pj416018/jube-out/spec-out/benchspec/OMP2012/362.fma3d/build/build_base_base-profiler.0000/fma2.f90","234","ImplTaskRegion44",0.00109553,0.00109553,371317,371317,738065,738065,176908,176908,5649,5649,102268,102268,3606,3606,180059,180059,127552,127552,371317,371317,561157,561157,455,455,176453,176453,52507,52507,127552,127552
"362.fma3d","12","base","0x5498c4","/rwthfs/rz/cluster/work/pj416018/jube-out/spec-out/benchspec/OMP2012/362.fma3d/build/build_base_base-profiler.0000/fma2.f90","307","ImplTaskRegion45",0.00298357,0.00298357,21780,21780,738071,738071,353850,353850,4266,4266,141618,141618,2804,2804,407370,407370,342806,342806,21780,21780,384221,384221,-50716,-50716,404566,404566,64564,64564,342806,342806
"362.fma3d","12","base","0x549941","/rwthfs/rz/cluster/work/pj416018/jube-out/spec-out/benchspec/OMP2012/362.fma3d/build/build_base_base-profiler.0000/fma2.f90","338","ImplTaskRegion46",3.94211,3.94211,388684362,388684362,904464148,904464148,410807458,410807458,2240005,2240005,291082737,291082737,1842448,1842448,413384254,413384254,334732317,334732317,388684362,388684362,493656690,493656690,-734348,-734348,411541806,411541806,78651937,78651937,334732317,334732317
"362.fma3d","12","base","0x542fe8","/rwthfs/rz/cluster/work/pj416018/jube-out/spec-out/benchspec/OMP2012/362.fma3d/build/build_base_base-profiler.0000/fma2.f90","5279","ImplTaskRegion47",6.77109e-05,6.77109e-05,23285,23285,48792,48792,2664,2664,4193,4193,6133,6133,2241,2241,3814,3814,2473,2473,23285,23285,46128,46128,1091,1091,1573,1573,1341,1341,2473,2473
"362.fma3d","12","base","0x54300f","/rwthfs/rz/cluster/work/pj416018/jube-out/spec-out/benchspec/OMP2012/362.fma3d/build/build_base_base-profiler.0000/fma2.f90","5541","ImplTaskRegion48",0.0912485,0.0912485,47095516,47095516,107130760,107130760,7416329,7416329,1766828,1766828,5813899,5813899,867616,867616,7378965,7378965,4575459,4575459,47095516,47095516,99714431,99714431,904980,904980,6511349,6511349,2803506,2803506,4575459,4575459
"362.fma3d","12","base","0x5499bc","/rwthfs/rz/cluster/work/pj416018/jube-out/spec-out/benchspec/OMP2012/362.fma3d/build/build_base_base-profiler.0000/fma2.f90","454","ImplTaskRegion49",2.51446,2.51446,531944948,531944948,1516307599,1516307599,274651445,274651445,2766032,2766032,44871627,44871627,1832139,1832139,273062973,273062973,180798312,180798312,531944948,531944948,1241656154,1241656154,3420611,3420611,271230834,271230834,92264661,92264661,180798312,180798312
"362.fma3d","12","base","0x549a44","/rwthfs/rz/cluster/work/pj416018/jube-out/spec-out/benchspec/OMP2012/362.fma3d/build/build_base_base-profiler.0000/fma2.f90","565","ImplTaskRegion50",1.21398,1.21398,891459122,891459122,148246533,148246533,221630965,221630965,2157588,2157588,81450152,81450152,1696778,1696778,175029994,175029994,106091593,106091593,891459122,891459122,-73384432,-73384432,48297749,48297749,173333216,173333216,68938401,68938401,106091593,106091593
"362.fma3d","12","base","0x465d0b","/rwthfs/rz/cluster/work/pj416018/jube-out/spec-out/benchspec/OMP2012/362.fma3d/build/build_base_base-profiler.0000/platq.f90","386","ImplTaskRegion51",24.8322,24.8322,28990799720,28990799720,46135771276,46135771276,736193622,736193622,11095365,11095365,490144695,490144695,10003700,10003700,665555337,665555337,548222261,548222261,28990799720,28990799720,45399577654,45399577654,80641985,80641985,655551637,655551637,117333076,117333076,548222261,548222261
"App","numthreads","variant","Codeptr","Filename","Codeline","Region","Time_Exclusive","Time_Inclusive","MEM_INST_RETIRED:ALL_STORES_excl","MEM_INST_RETIRED:ALL_STORES_incl","MEM_INST_RETIRED:ALL_LOADS_excl","MEM_INST_RETIRED:ALL_LOADS_incl","L1D:REPLACEMENT_excl","L1D:REPLACEMENT_incl","L2_RQSTS:ALL_CODE_RD_excl","L2_RQSTS:ALL_CODE_RD_incl","L2_RQSTS:ALL_DEMAND_REFERENCES_excl","L2_RQSTS:ALL_DEMAND_REFERENCES_incl","L2_RQSTS:CODE_RD_MISS_excl","L2_RQSTS:CODE_RD_MISS_incl","LLC_REFERENCES_excl","LLC_REFERENCES_incl","LLC_MISSES_excl","LLC_MISSES_incl","L1D_W_A = L1D_W_H_excl","L1D_W_A = L1D_W_H_incl","L1D_R_H_excl","L1D_R_H_incl","L2D_H_excl","L2D_H_incl","L3D_A_excl","L3D_A_incl","L3_H_excl","L3_H_incl","MEM_excl","MEM_incl"
"362.fma3d","12","ixe-detail","(nil)","n/a","n/a","ImplTaskRegion1",538.089,1396.21,466958473551,1208009498065,892309674363,2364052544593,41673013094,115293831194,21796923710,32539189666,41915472501,90460833113,2237593007,2404958712,7512649850,15696748914,2402349824,7617980101,466958473551,1208009498065,850636661269,2248758713399,36397956251,102002040992,5275056843,13291790202,5110300026,8078768813,2402349824,7617980101
"362.fma3d","12","ixe-detail","0x4b4546","n/a","n/a","ImplTaskRegion2",3.34146,3.34146,782874824,782874824,1073686881,1073686881,55337914,55337914,82040881,82040881,132054077,132054077,19441756,19441756,31737303,31737303,16042552,16042552,782874824,782874824,1018348967,1018348967,43042367,43042367,12295547,12295547,15694751,15694751,16042552,16042552
"362.fma3d","12","ixe-detail","0x4b4b04","n/a","n/a","ImplTaskRegion3",0.242972,0.242972,94230532,94230532,129263226,129263226,6558093,6558093,9772997,9772997,15659065,15659065,2345085,2345085,3826383,3826383,1920858,1920858,94230532,94230532,122705133,122705133,5076795,5076795,1481298,1481298,1905525,1905525,1920858,1920858
"362.fma3d","12","ixe-detail","0x4b4b5f","n/a","n/a","ImplTaskRegion4",0.192072,0.192072,40466506,40466506,79761398,79761398,1651409,1651409,941189,941189,2059376,2059376,298924,298924,615137,615137,329919,329919,40466506,40466506,78109989,78109989,1335196,1335196,316213,316213,285218,285218,329919,329919
"362.fma3d","12","ixe-detail","0x46bc23","n/a","n/a","ImplTaskRegion5",0.234646,0.234646,19955895,19955895,29302658,29302658,1374309,1374309,1598038,1598038,2709247,2709247,520777,520777,918405,918405,468601,468601,19955895,19955895,27928349,27928349,976681,976681,397628,397628,449804,449804,468601,468601
"362.fma3d","12","ixe-detail","0x46c056","n/a","n/a","ImplTaskRegion6",0.202744,0.202744,26805815,26805815,37367445,37367445,1777531,1777531,2446193,2446193,4012088,4012088,701904,701904,1190972,1190972,486475,486475,26805815,26805815,35589914,35589914,1288463,1288463,489068,489068,704497,704497,486475,486475
"362.fma3d","12","ixe-detail","0x480f01","n/a","n/a","ImplTaskRegion7",0.0396893,0.0396893,7963473,7963473,11878965,11878965,527828,527828,577860,577860,990962,990962,225679,225679,396520,396520,150375,150375,7963473,7963473,11351137,11351137,356987,356987,170841,170841,246145,246145,150375,150375
"362.fma3d","12","ixe-detail","0x4810f4","n/a","n/a","ImplTaskRegion8",0.0843642,0.0843642,10298095,10298095,15096094,15096094,658081,658081,724239,724239,1261892,1261892,233383,233383,426935,426935,153907,153907,10298095,10298095,14438013,14438013,464529,464529,193552,193552,273028,273028,153907,153907
"362.fma3d","12","ixe-detail","0x481858","n/a","n/a","ImplTaskRegion9",0.107812,0.107812,11856004,11856004,16949730,16949730,701605,701605,815030,815030,1418927,1418927,242102,242102,414363,414363,137140,137140,11856004,11856004,16248125,16248125,529344,529344,172261,172261,277223,277223,137140,137140
"362.fma3d","12","ixe-detail","0x481c10","n/a","n/a","ImplTaskRegion10",0.0630045,0.0630045,8369988,8369988,11914825,11914825,548235,548235,734885,734885,1207542,1207542,237871,237871,404221,404221,152678,152678,8369988,8369988,11366590,11366590,381885,381885,166350,166350,251543,251543,152678,152678
"362.fma3d","12","ixe-detail","0x48253e","n/a","n/a","ImplTaskRegion11",0.0555158,0.0555158,6451131,6451131,9265770,9265770,421653,421653,543802,543802,901868,901868,195998,195998,320064,320064,106411,106411,6451131,6451131,8844117,8844117,297587,297587,124066,124066,213653,213653,106411,106411
"362.fma3d","12","ixe-detail","0x483b4f","n/a","n/a","ImplTaskRegion12",0.0868614,0.0868614,8452864,8452864,12389965,12389965,542064,542064,653457,653457,1095879,1095879,228754,228754,375894,375894,120483,120483,8452864,8452864,11847901,11847901,394924,394924,147140,147140,255411,255411,120483,120483
"362.fma3d","12","ixe-detail","0x483d28","n/a","n/a","ImplTaskRegion13",0.0530393,0.0530393,8577424,8577424,12863035,12863035,552323,552323,591060,591060,1021371,1021371,216717,216717,367225,367225,125285,125285,8577424,8577424,12310712,12310712,401815,401815,150508,150508,241940,241940,125285,125285
"362.fma3d","12","ixe-detail","0x483f01","n/a","n/a","ImplTaskRegion14",0.0703526,0.0703526,6455919,6455919,9314805,9314805,418086,418086,527842,527842,884771,884771,184835,184835,307067,307067,93830,93830,6455919,6455919,8896719,8896719,295854,295854,122232,122232,213237,213237,93830,93830
"362.fma3d","12","ixe-detail","0x48459a","n/a","n/a","ImplTaskRegion15",2.06752,2.06752,671677895,671677895,1151103364,1151103364,40596530,40596530,1938914,1938914,24178393,24178393,358723,358723,9850613,9850613,5252398,5252398,671677895,671677895,1110506834,1110506834,31104640,31104640,9491890,9491890,4598215,4598215,5252398,5252398
"362.fma3d","12","ixe-detail","0x48563b","n/a","n/a","ImplTaskRegion16",2.78474,2.78474,1728617771,1728617771,3006049086,3006049086,74204273,74204273,9548083,9548083,57125160,57125160,519788,519788,14984860,14984860,7948877,7948877,1728617771,1728617771,2931844813,2931844813,59739201,59739201,14465072,14465072,7035983,7035983,7948877,7948877
"362.fma3d","12","ixe-detail","0x48617b","n/a","n/a","ImplTaskRegion17",0.209121,0.209121,43856728,43856728,73510165,73510165,2692010,2692010,740781,740781,2348697,2348697,289224,289224,992071,992071,483332,483332,43856728,43856728,70818155,70818155,1989163,1989163,702847,702847,508739,508739,483332,483332
"362.fma3d","12","ixe-detail","0x46c65d","n/a","n/a","ImplTaskRegion18",0.121871,0.121871,8393888,8393888,12053022,12053022,631729,631729,883355,883355,1411399,1411399,325287,325287,521009,521009,251439,251439,8393888,8393888,11421293,11421293,436007,436007,195722,195722,269570,269570,251439,251439
"362.fma3d","12","ixe-detail","0x46c84e","n/a","n/a","ImplTaskRegion19",0.101834,0.101834,6792488,6792488,10477328,10477328,480943,480943,580570,580570,975562,975562,224949,224949,409369,409369,164577,164577,6792488,6792488,9996385,9996385,296523,296523,184420,184420,244792,244792,164577,164577
"362.fma3d","12","ixe-detail","0x46ce00","n/a","n/a","ImplTaskRegion20",0.116226,0.116226,18036536,18036536,31982904,31982904,1445939,1445939,854151,854151,1736764,1736764,331024,331024,641697,641697,258193,258193,18036536,18036536,30536965,30536965,1135266,1135266,310673,310673,383504,383504,258193,258193
"362.fma3d","12","ixe-detail","0x46d13f","n/a","n/a","ImplTaskRegion21",0.11348,0.11348,17757835,17757835,31419771,31419771,1420833,1420833,811140,811140,1681802,1681802,311813,311813,633652,633652,256181,256181,17757835,17757835,29998938,29998938,1098994,1098994,321839,321839,377471,377471,256181,256181
"362.fma3d","12","ixe-detail","0x46da6c","n/a","n/a","ImplTaskRegion22",1.19818,1.19818,371736988,371736988,642936524,642936524,20213825,20213825,1133249,1133249,13329345,13329345,305635,305635,5256355,5256355,2835464,2835464,371736988,371736988,622722699,622722699,15263105,15263105,4950720,4950720,2420891,2420891,2835464,2835464
"362.fma3d","12","ixe-detail","0x46dc59","n/a","n/a","ImplTaskRegion23",0.222366,0.222366,99018878,99018878,155775600,155775600,1185076,1185076,673548,673548,1754171,1754171,271991,271991,876892,876892,291828,291828,99018878,99018878,154590524,154590524,580175,580175,604901,604901,585064,585064,291828,291828
"362.fma3d","12","ixe-detail","0x4b5d25","n/a","n/a","ImplTaskRegion24",0.431948,0.431948,369462719,369462719,745601739,745601739,15641802,15641802,1068086,1068086,5609389,5609389,424765,424765,8880151,8880151,8012812,8012812,369462719,369462719,729959937,729959937,7186416,7186416,8455386,8455386,867339,867339,8012812,8012812
"362.fma3d","12","ixe-detail","0x4b815c","n/a","n/a","ImplTaskRegion25",0.0664763,0.0664763,15147223,15147223,28960284,28960284,2260910,2260910,658526,658526,1428416,1428416,265544,265544,773554,773554,506833,506833,15147223,15147223,26699374,26699374,1752900,1752900,508010,508010,266721,266721,506833,506833
"362.fma3d","12","ixe-detail","0x4b81b6","n/a","n/a","ImplTaskRegion26",0.028923,0.028923,4686213,4686213,7071968,7071968,317956,317956,353890,353890,609580,609580,130371,130371,220313,220313,77021,77021,4686213,4686213,6754012,6754012,228014,228014,89942,89942,143292,143292,77021,77021
"362.fma3d","12","ixe-detail","0x4b8210","n/a","n/a","ImplTaskRegion27",0.23562,0.23562,70433358,70433358,168522908,168522908,15701512,15701512,601113,601113,3558881,3558881,220107,220107,2594945,2594945,1939951,1939951,70433358,70433358,152821396,152821396,13326674,13326674,2374838,2374838,654994,654994,1939951,1939951
"362.fma3d","12","ixe-detail","0x4b826a","n/a","n/a","ImplTaskRegion28",0.0280271,0.0280271,4902721,4902721,7463245,7463245,345489,345489,353506,353506,621320,621320,130474,130474,233390,233390,102715,102715,4902721,4902721,7117756,7117756,242573,242573,102916,102916,130675,130675,102715,102715
"362.fma3d","12","ixe-detail","0x4b82c4","n/a","n/a","ImplTaskRegion29",0.00958514,0.00958514,4517759,4517759,6724740,6724740,299963,299963,323035,323035,563145,563145,110989,110989,199988,199988,56808,56808,4517759,4517759,6424777,6424777,210964,210964,88999,88999,143180,143180,56808,56808
"362.fma3d","12","ixe-detail","0x4b831e","n/a","n/a","ImplTaskRegion30",0.0275524,0.0275524,4339088,4339088,6377149,6377149,287763,287763,344692,344692,583489,583489,131935,131935,217595,217595,64648,64648,4339088,4339088,6089386,6089386,202103,202103,85660,85660,152947,152947,64648,64648
"362.fma3d","12","ixe-detail","0x4b83d0","n/a","n/a","ImplTaskRegion31",0.0270097,0.0270097,4766430,4766430,7185449,7185449,333412,333412,382479,382479,646821,646821,155511,155511,257356,257356,102850,102850,4766430,4766430,6852037,6852037,231567,231567,101845,101845,154506,154506,102850,102850
"362.fma3d","12","ixe-detail","0x4b842a","n/a","n/a","ImplTaskRegion32",0.231686,0.231686,93857241,93857241,208613753,208613753,17309752,17309752,611666,611666,3424740,3424740,231950,231950,2747403,2747403,2369900,2369900,93857241,93857241,191304001,191304001,14794299,14794299,2515453,2515453,377503,377503,2369900,2369900
"362.fma3d","12","ixe-detail","0x4b8484","n/a","n/a","ImplTaskRegion33",0.0328035,0.0328035,5444918,5444918,8081645,8081645,371910,371910,433707,433707,733844,733844,161465,161465,277414,277414,129599,129599,5444918,5444918,7709735,7709735,255961,255961,115949,115949,147815,147815,129599,129599
"362.fma3d","12","ixe-detail","0x4b84de","n/a","n/a","ImplTaskRegion34",0.0270276,0.0270276,4519510,4519510,6736147,6736147,306678,306678,341537,341537,589768,589768,124605,124605,216186,216186,65020,65020,4519510,4519510,6429469,6429469,215097,215097,91581,91581,151166,151166,65020,65020
"362.fma3d","12","ixe-detail","0x4b8538","n/a","n/a","ImplTaskRegion35",0.0285389,0.0285389,4318934,4318934,6491365,6491365,286161,286161,345832,345832,584036,584036,141508,141508,228755,228755,72472,72472,4318934,4318934,6205204,6205204,198914,198914,87247,87247,156283,156283,72472,72472
"362.fma3d","12","ixe-detail","0x4dd542","n/a","n/a","ImplTaskRegion36",0.1737,0.1737,80905179,80905179,159120596,159120596,6581175,6581175,691905,691905,2470321,2470321,288493,288493,3736038,3736038,3357782,3357782,80905179,80905179,152539421,152539421,3133630,3133630,3447545,3447545,378256,378256,3357782,3357782
"362.fma3d","12","ixe-detail","0x4dd671","n/a","n/a","ImplTaskRegion37",0.192744,0.192744,152301402,152301402,288205395,288205395,7644913,7644913,650985,650985,2506746,2506746,274465,274465,3519905,3519905,3106665,3106665,152301402,152301402,280560482,280560482,4399473,4399473,3245440,3245440,413240,413240,3106665,3106665
"362.fma3d","12","ixe-detail","0x4641d7","n/a","n/a","ImplTaskRegion38",19.4916,19.4916,15283736179,15283736179,30539528982,30539528982,1197236202,1197236202,319621970,319621970,894091885,894091885,3074684,3074684,172805521,172805521,99266074,99266074,15283736179,15283736179,29342292780,29342292780,1027505365,1027505365,169730837,169730837,73539447,73539447,99266074,99266074
"362.fma3d","12","ixe-detail","0x46329d","n/a","n/a","ImplTaskRegion39",0.0447619,0.0447619,10679573,10679573,16151901,16151901,440618,440618,538338,538338,912766,912766,208993,208993,366631,366631,148864,148864,10679573,10679573,15711283,15711283,282980,282980,157638,157638,217767,217767,148864,148864
"362.fma3d","12","ixe-detail","0x4633d3","n/a","n/a","ImplTaskRegion40",0.157734,0.157734,20538270,20538270,38583571,38583571,1517447,1517447,1113843,1113843,1975404,1975404,425643,425643,974063,974063,488150,488150,20538270,20538270,37066124,37066124,969027,969027,548420,548420,485913,485913,488150,488150
"362.fma3d","12","ixe-detail","0x4637b4","n/a","n/a","ImplTaskRegion41",0.375578,0.375578,113399251,113399251,207541898,207541898,6665755,6665755,913870,913870,5162805,5162805,309077,309077,1806427,1806427,868256,868256,113399251,113399251,200876143,200876143,5168405,5168405,1497350,1497350,938171,938171,868256,868256
"362.fma3d","12","ixe-detail","0x462178","n/a","n/a","ImplTaskRegion42",0.911477,0.911477,444375007,444375007,898533101,898533101,67310855,67310855,2544011,2544011,36515705,36515705,783970,783970,8503406,8503406,6775778,6775778,444375007,444375007,831222246,831222246,59591419,59591419,7719436,7719436,1727628,1727628,6775778,6775778
"362.fma3d","12","ixe-detail","0x511bc4","n/a","n/a","ImplTaskRegion43",0.93533,0.93533,550173493,550173493,1187448170,1187448170,71326189,71326189,1176756,1176756,23710438,23710438,484743,484743,16697896,16697896,14422435,14422435,550173493,550173493,1116121981,1116121981,55113036,55113036,16213153,16213153,2275461,2275461,14422435,14422435
"362.fma3d","12","ixe-detail","0x4dd7a4","n/a","n/a","ImplTaskRegion44",0.30377,0.30377,118741745,118741745,389178409,389178409,8891093,8891093,1035730,1035730,6461424,6461424,400782,400782,3413354,3413354,2915001,2915001,118741745,118741745,380287316,380287316,5878521,5878521,3012572,3012572,498353,498353,2915001,2915001
"362.fma3d","12","ixe-detail","0x4dd93c","n/a","n/a","ImplTaskRegion45",0.349123,0.349123,106176458,106176458,223259766,223259766,10437263,10437263,1228740,1228740,4593699,4593699,448175,448175,4841274,4841274,4311603,4311603,106176458,106176458,212822503,212822503,6044164,6044164,4393099,4393099,529671,529671,4311603,4311603
"362.fma3d","12","ixe-detail","0x4dd9dd","n/a","n/a","ImplTaskRegion46",201.282,201.282,167557237887,167557237887,354645160432,354645160432,14446312110,14446312110,136685347,136685347,3946803326,3946803326,79594145,79594145,5671728100,5671728100,5374029233,5374029233,167557237887,167557237887,340198848322,340198848322,8854178155,8854178155,5592133955,5592133955,297698867,297698867,5374029233,5374029233
"362.fma3d","12","ixe-detail","0x4e5bbd","n/a","n/a","ImplTaskRegion47",0.313324,0.313324,25857031,25857031,39712528,39712528,2062392,2062392,2513085,2513085,4280013,4280013,637370,637370,1557910,1557910,823727,823727,25857031,25857031,37650136,37650136,1141852,1141852,920540,920540,734183,734183,823727,823727
"362.fma3d","12","ixe-detail","0x4e5c42","n/a","n/a","ImplTaskRegion48",12.1368,12.1368,9234917890,9234917890,18270987130,18270987130,995658301,995658301,106232770,106232770,560665443,560665443,38910239,38910239,187098750,187098750,125775810,125775810,9234917890,9234917890,17275328829,17275328829,847469790,847469790,148188511,148188511,61322940,61322940,125775810,125775810
"362.fma3d","12","ixe-detail","0x4de059","n/a","n/a","ImplTaskRegion49",226.373,226.373,238592826096,238592826096,485201302429,485201302429,13245560719,13245560719,189239710,189239710,5027873376,5027873376,89788425,89788425,5079825856,5079825856,4659373418,4659373418,238592826096,238592826096,471955741710,471955741710,8255523288,8255523288,4990037431,4990037431,420452438,420452438,4659373418,4659373418
"362.fma3d","12","ixe-detail","0x4de187","n/a","n/a","ImplTaskRegion50",144.739,144.739,134365887635,134365887635,274115075206,274115075206,9602436474,9602436474,130081563,130081563,2532005987,2532005987,73766302,73766302,5777577604,5777577604,4814221049,4814221049,134365887635,134365887635,264512638732,264512638732,3898625172,3898625172,5703811302,5703811302,963356555,963356555,4814221049,4814221049
"362.fma3d","12","ixe-detail","0x45a009","n/a","n/a","ImplTaskRegion51",7245.59,7245.59,6370526414025,6370526414025,12842270763536,12842270763536,548567033132,548567033132,125648975567,125648975567,365896104567,365896104567,289818057,289818057,60078110922,60078110922,35919544374,35919544374,6370526414025,6370526414025,12293703730404,12293703730404,488778740267,488778740267,59788292865,59788292865,24158566548,24158566548,35919544374,35919544374
"362.fma3d","12","ixe-detail","0x4f03a7","n/a","n/a","ImplTaskRegion52",600.215,600.215,407182280666,407182280666,905654575593,905654575593,50722704483,50722704483,257450363,257450363,16176164090,16176164090,158812992,158812992,11554075897,11554075897,9998364729,9998364729,407182280666,407182280666,854931871110,854931871110,39327441578,39327441578,11395262905,11395262905,1555711168,1555711168,9998364729,9998364729
"App","numthreads","variant","Codeptr","Filename","Codeline","Region","Time_Exclusive","Time_Inclusive","MEM_INST_RETIRED:ALL_STORES_excl","MEM_INST_RETIRED:ALL_STORES_incl","MEM_INST_RETIRED:ALL_LOADS_excl","MEM_INST_RETIRED:ALL_LOADS_incl","L1D:REPLACEMENT_excl","L1D:REPLACEMENT_incl","L2_RQSTS:ALL_CODE_RD_excl","L2_RQSTS:ALL_CODE_RD_incl","L2_RQSTS:ALL_DEMAND_REFERENCES_excl","L2_RQSTS:ALL_DEMAND_REFERENCES_incl","L2_RQSTS:CODE_RD_MISS_excl","L2_RQSTS:CODE_RD_MISS_incl","LLC_REFERENCES_excl","LLC_REFERENCES_incl","LLC_MISSES_excl","LLC_MISSES_incl","L1D_W_A = L1D_W_H_excl","L1D_W_A = L1D_W_H_incl","L1D_R_H_excl","L1D_R_H_incl","L2D_H_excl","L2D_H_incl","L3D_A_excl","L3D_A_incl","L3_H_excl","L3_H_incl","MEM_excl","MEM_incl"
"362.fma3d","12","archer-noread","(nil)","n/a","n/a","ImplTaskRegion1",17.8126,60.1683,13845279653,42236151338,24818447810,91467966393,1126068650,2323892886,763510566,1651024352,1274728981,2763164323,2423172,11188094,1141685259,2546722338,839747111,1946925829,13845279653,42236151338,23692379160,89144073507,-13193437,-211641358,1139262087,2535534244,301938148,599796509,839747111,1946925829
"362.fma3d","12","archer-noread","0x5e4e38","/rwthfs/rz/cluster/work/pj416018/jube-out/spec-out/benchspec/OMP2012/362.fma3d/build/build_base_archer-noread-profiler.0000/fma1.f90","866","ImplTaskRegion2",0.0116169,0.0116169,959208,959208,384134,384134,29388,29388,40732,40732,64947,64947,13698,13698,28135,28135,15357,15357,959208,959208,354746,354746,14951,14951,14437,14437,12778,12778,15357,15357
"362.fma3d","12","archer-noread","0x5e57a2","/rwthfs/rz/cluster/work/pj416018/jube-out/spec-out/benchspec/OMP2012/362.fma3d/build/build_base_archer-noread-profiler.0000/fma1.f90","967","ImplTaskRegion3",0.000137568,0.000137568,48069,48069,77516,77516,4270,4270,10553,10553,14116,14116,1237,1237,2803,2803,1633,1633,48069,48069,73246,73246,2704,2704,1566,1566,1170,1170,1633,1633
"362.fma3d","12","archer-noread","0x5e57c6","/rwthfs/rz/cluster/work/pj416018/jube-out/spec-out/benchspec/OMP2012/362.fma3d/build/build_base_archer-noread-profiler.0000/fma1.f90","985","ImplTaskRegion4",0.000100374,0.000100374,45987,45987,75946,75946,3635,3635,8367,8367,11399,11399,341,341,1555,1555,854,854,45987,45987,72311,72311,2421,2421,1214,1214,701,701,854,854
"362.fma3d","12","archer-noread","0x5e652b","/rwthfs/rz/cluster/work/pj416018/jube-out/spec-out/benchspec/OMP2012/362.fma3d/build/build_base_archer-noread-profiler.0000/fma1.f90","124","ImplTaskRegion5",0.00590563,0.00590563,278667,278667,475586,475586,11094,11094,18509,18509,25970,25970,5548,5548,10125,10125,5561,5561,278667,278667,464492,464492,6517,6517,4577,4577,4564,4564,5561,5561
"362.fma3d","12","archer-noread","0x5e67d4","/rwthfs/rz/cluster/work/pj416018/jube-out/spec-out/benchspec/OMP2012/362.fma3d/build/build_base_archer-noread-profiler.0000/fma1.f90","150","ImplTaskRegion6",0.000229597,0.000229597,97847,97847,160988,160988,7541,7541,14862,14862,19651,19651,4599,4599,9180,9180,5385,5385,97847,97847,153447,153447,2960,2960,4581,4581,3795,3795,5385,5385
"362.fma3d","12","archer-noread","0x5c6035","/rwthfs/rz/cluster/work/pj416018/jube-out/spec-out/benchspec/OMP2012/362.fma3d/build/build_base_archer-noread-profiler.0000/fma1.f90","1621","ImplTaskRegion7",8.84533e-05,8.84533e-05,44802,44802,72651,72651,3022,3022,9443,9443,11962,11962,1541,1541,2216,2216,1544,1544,44802,44802,69629,69629,2347,2347,675,675,672,672,1544,1544
"362.fma3d","12","archer-noread","0x5c6150","/rwthfs/rz/cluster/work/pj416018/jube-out/spec-out/benchspec/OMP2012/362.fma3d/build/build_base_archer-noread-profiler.0000/fma1.f90","1638","ImplTaskRegion8",7.96318e-05,7.96318e-05,44691,44691,72815,72815,2801,2801,7927,7927,10260,10260,366,366,805,805,466,466,44691,44691,70014,70014,2362,2362,439,439,339,339,466,466
"362.fma3d","12","archer-noread","0x5c65a7","/rwthfs/rz/cluster/work/pj416018/jube-out/spec-out/benchspec/OMP2012/362.fma3d/build/build_base_archer-noread-profiler.0000/fma1.f90","1694","ImplTaskRegion9",8.74996e-05,8.74996e-05,46092,46092,74627,74627,3029,3029,8381,8381,10875,10875,399,399,853,853,471,471,46092,46092,71598,71598,2575,2575,454,454,382,382,471,471
"362.fma3d","12","archer-noread","0x5c66d6","/rwthfs/rz/cluster/work/pj416018/jube-out/spec-out/benchspec/OMP2012/362.fma3d/build/build_base_archer-noread-profiler.0000/fma1.f90","1739","ImplTaskRegion10",7.58171e-05,7.58171e-05,44572,44572,72532,72532,2684,2684,7493,7493,9742,9742,150,150,512,512,225,225,44572,44572,69848,69848,2322,2322,362,362,287,287,225,225
"362.fma3d","12","archer-noread","0x5c6c38","/rwthfs/rz/cluster/work/pj416018/jube-out/spec-out/benchspec/OMP2012/362.fma3d/build/build_base_archer-noread-profiler.0000/fma1.f90","1805","ImplTaskRegion11",7.9155e-05,7.9155e-05,44930,44930,73327,73327,2957,2957,8044,8044,10529,10529,428,428,957,957,499,499,44930,44930,70370,70370,2428,2428,529,529,458,458,499,499
"362.fma3d","12","archer-noread","0x5c791a","/rwthfs/rz/cluster/work/pj416018/jube-out/spec-out/benchspec/OMP2012/362.fma3d/build/build_base_archer-noread-profiler.0000/fma1.f90","1977","ImplTaskRegion12",0.000128746,0.000128746,73850,73850,125241,125241,5866,5866,8395,8395,12835,12835,418,418,3619,3619,738,738,73850,73850,119375,119375,2665,2665,3201,3201,2881,2881,738,738
"362.fma3d","12","archer-noread","0x5c7a34","/rwthfs/rz/cluster/work/pj416018/jube-out/spec-out/benchspec/OMP2012/362.fma3d/build/build_base_archer-noread-profiler.0000/fma1.f90","1992","ImplTaskRegion13",9.32217e-05,9.32217e-05,44896,44896,73087,73087,3792,3792,9854,9854,13097,13097,661,661,1365,1365,740,740,44896,44896,69295,69295,3088,3088,704,704,625,625,740,740
"362.fma3d","12","archer-noread","0x5c7b4e","/rwthfs/rz/cluster/work/pj416018/jube-out/spec-out/benchspec/OMP2012/362.fma3d/build/build_base_archer-noread-profiler.0000/fma1.f90","2003","ImplTaskRegion14",7.27177e-05,7.27177e-05,44610,44610,72621,72621,2731,2731,7921,7921,10202,10202,215,215,576,576,296,296,44610,44610,69890,69890,2370,2370,361,361,280,280,296,296
"362.fma3d","12","archer-noread","0x5c7f88","/rwthfs/rz/cluster/work/pj416018/jube-out/spec-out/benchspec/OMP2012/362.fma3d/build/build_base_archer-noread-profiler.0000/fma1.f90","2042","ImplTaskRegion15",0.629617,0.629617,35572477,35572477,66716479,66716479,2349072,2349072,127720,127720,1583218,1583218,8745,8745,2077283,2077283,809631,809631,35572477,35572477,64367407,64367407,280534,280534,2068538,2068538,1267652,1267652,809631,809631
"362.fma3d","12","archer-noread","0x5c8954","/rwthfs/rz/cluster/work/pj416018/jube-out/spec-out/benchspec/OMP2012/362.fma3d/build/build_base_archer-noread-profiler.0000/fma1.f90","2173","ImplTaskRegion16",0.598154,0.598154,35903416,35903416,66630578,66630578,1572038,1572038,193746,193746,1556708,1556708,10488,10488,1378983,1378983,969302,969302,35903416,35903416,65058540,65058540,203543,203543,1368495,1368495,409681,409681,969302,969302
"362.fma3d","12","archer-noread","0x5c904b","/rwthfs/rz/cluster/work/pj416018/jube-out/spec-out/benchspec/OMP2012/362.fma3d/build/build_base_archer-noread-profiler.0000/fma1.f90","2251","ImplTaskRegion17",0.0438759,0.0438759,2052885,2052885,3799352,3799352,82729,82729,28181,28181,95212,95212,9299,9299,77441,77441,31790,31790,2052885,2052885,3716623,3716623,14587,14587,68142,68142,45651,45651,31790,31790
"362.fma3d","12","archer-noread","0x5e6c58","/rwthfs/rz/cluster/work/pj416018/jube-out/spec-out/benchspec/OMP2012/362.fma3d/build/build_base_archer-noread-profiler.0000/fma1.f90","271","ImplTaskRegion18",0.000333309,0.000333309,56840,56840,95635,95635,5812,5812,21613,21613,26432,26432,11800,11800,15987,15987,9657,9657,56840,56840,89823,89823,1625,1625,4187,4187,6330,6330,9657,9657
"362.fma3d","12","archer-noread","0x5e6d87","/rwthfs/rz/cluster/work/pj416018/jube-out/spec-out/benchspec/OMP2012/362.fma3d/build/build_base_archer-noread-profiler.0000/fma1.f90","292","ImplTaskRegion19",0.000198126,0.000198126,46987,46987,76225,76225,4062,4062,14661,14661,18142,18142,6687,6687,8586,8586,5707,5707,46987,46987,72163,72163,2163,2163,1899,1899,2879,2879,5707,5707
"362.fma3d","12","archer-noread","0x5e7117","/rwthfs/rz/cluster/work/pj416018/jube-out/spec-out/benchspec/OMP2012/362.fma3d/build/build_base_archer-noread-profiler.0000/fma1.f90","350","ImplTaskRegion20",0.0247567,0.0247567,1357623,1357623,2457133,2457133,57842,57842,17350,17350,68006,68006,6036,6036,56850,56850,27867,27867,1357623,1357623,2399291,2399291,7028,7028,50814,50814,28983,28983,27867,27867
"362.fma3d","12","archer-noread","0x5e7317","/rwthfs/rz/cluster/work/pj416018/jube-out/spec-out/benchspec/OMP2012/362.fma3d/build/build_base_archer-noread-profiler.0000/fma1.f90","362","ImplTaskRegion21",0.0284801,0.0284801,1347287,1347287,2438517,2438517,57466,57466,14774,14774,65111,65111,3297,3297,52670,52670,24897,24897,1347287,1347287,2381051,2381051,8093,8093,49373,49373,27773,27773,24897,24897
"362.fma3d","12","archer-noread","0x5e7838","/rwthfs/rz/cluster/work/pj416018/jube-out/spec-out/benchspec/OMP2012/362.fma3d/build/build_base_archer-noread-profiler.0000/fma1.f90","411","ImplTaskRegion22",0.336079,0.336079,18277378,18277378,34348798,34348798,873074,873074,31740,31740,775508,775508,8769,8769,753912,753912,584507,584507,18277378,18277378,33475724,33475724,127931,127931,745143,745143,169405,169405,584507,584507
"362.fma3d","12","archer-noread","0x5e7945","/rwthfs/rz/cluster/work/pj416018/jube-out/spec-out/benchspec/OMP2012/362.fma3d/build/build_base_archer-noread-profiler.0000/fma1.f90","422","ImplTaskRegion23",0.22544,0.22544,12200410,12200410,22635240,22635240,573126,573126,41281,41281,526747,526747,8161,8161,506960,506960,348036,348036,12200410,12200410,22062114,22062114,74327,74327,498799,498799,158924,158924,348036,348036
"362.fma3d","12","archer-noread","0x585c20","/rwthfs/rz/cluster/work/pj416018/jube-out/spec-out/benchspec/OMP2012/362.fma3d/build/build_base_archer-noread-profiler.0000/fma1.f90","9313","ImplTaskRegion24",0.0467398,0.0467398,30438539,30438539,57351619,57351619,3282234,3282234,15767,15767,1121292,1121292,10780,10780,3284600,3284600,2887304,2887304,30438539,30438539,54069385,54069385,8414,8414,3273820,3273820,397296,397296,2887304,2887304
"362.fma3d","12","archer-noread","0x591595","/rwthfs/rz/cluster/work/pj416018/jube-out/spec-out/benchspec/OMP2012/362.fma3d/build/build_base_archer-noread-profiler.0000/fma1.f90","9461","ImplTaskRegion25",0.00446868,0.00446868,657350,657350,1290072,1290072,199511,199511,13316,13316,120261,120261,9281,9281,384201,384201,374899,374899,657350,657350,1090561,1090561,-175409,-175409,374920,374920,9302,9302,374899,374899
"362.fma3d","12","archer-noread","0x5915d1","/rwthfs/rz/cluster/work/pj416018/jube-out/spec-out/benchspec/OMP2012/362.fma3d/build/build_base_archer-noread-profiler.0000/fma1.f90","9471","ImplTaskRegion26",8.79765e-05,8.79765e-05,44646,44646,72643,72643,3033,3033,8213,8213,10711,10711,2613,2613,3307,3307,2104,2104,44646,44646,69610,69610,2339,2339,694,694,1203,1203,2104,2104
"362.fma3d","12","archer-noread","0x59160d","/rwthfs/rz/cluster/work/pj416018/jube-out/spec-out/benchspec/OMP2012/362.fma3d/build/build_base_archer-noread-profiler.0000/fma1.f90","9478","ImplTaskRegion27",0.0158906,0.0158906,4668006,4668006,10266360,10266360,724815,724815,11432,11432,458193,458193,5955,5955,762304,762304,691323,691323,4668006,4668006,9541545,9541545,-31534,-31534,756349,756349,70981,70981,691323,691323
"362.fma3d","12","archer-noread","0x591649","/rwthfs/rz/cluster/work/pj416018/jube-out/spec-out/benchspec/OMP2012/362.fma3d/build/build_base_archer-noread-profiler.0000/fma1.f90","9483","ImplTaskRegion28",8.65459e-05,8.65459e-05,44498,44498,72354,72354,2936,2936,7089,7089,9562,9562,2678,2678,3611,3611,2305,2305,44498,44498,69418,69418,2003,2003,933,933,1306,1306,2305,2305
"362.fma3d","12","archer-noread","0x591685","/rwthfs/rz/cluster/work/pj416018/jube-out/spec-out/benchspec/OMP2012/362.fma3d/build/build_base_archer-noread-profiler.0000/fma1.f90","9487","ImplTaskRegion29",7.43866e-05,7.43866e-05,44486,44486,72354,72354,2443,2443,6740,6740,8799,8799,206,206,486,486,272,272,44486,44486,69911,69911,2163,2163,280,280,214,214,272,272
"362.fma3d","12","archer-noread","0x5916bf","/rwthfs/rz/cluster/work/pj416018/jube-out/spec-out/benchspec/OMP2012/362.fma3d/build/build_base_archer-noread-profiler.0000/fma1.f90","9494","ImplTaskRegion30",7.1764e-05,7.1764e-05,44786,44786,72842,72842,2574,2574,7158,7158,9319,9319,351,351,868,868,495,495,44786,44786,70268,70268,2057,2057,517,517,373,373,495,495
"362.fma3d","12","archer-noread","0x591823","/rwthfs/rz/cluster/work/pj416018/jube-out/spec-out/benchspec/OMP2012/362.fma3d/build/build_base_archer-noread-profiler.0000/fma1.f90","9533","ImplTaskRegion31",9.20296e-05,9.20296e-05,44448,44448,72351,72351,2995,2995,7773,7773,10273,10273,2121,2121,2956,2956,2077,2077,44448,44448,69356,69356,2160,2160,835,835,879,879,2077,2077
"362.fma3d","12","archer-noread","0x59185d","/rwthfs/rz/cluster/work/pj416018/jube-out/spec-out/benchspec/OMP2012/362.fma3d/build/build_base_archer-noread-profiler.0000/fma1.f90","9540","ImplTaskRegion32",0.0193758,0.0193758,7267955,7267955,16389096,16389096,961179,961179,10449,10449,426039,426039,5176,5176,1438905,1438905,1256961,1256961,7267955,7267955,15427917,15427917,-472550,-472550,1433729,1433729,181944,181944,1256961,1256961
"362.fma3d","12","archer-noread","0x591897","/rwthfs/rz/cluster/work/pj416018/jube-out/spec-out/benchspec/OMP2012/362.fma3d/build/build_base_archer-noread-profiler.0000/fma1.f90","9548","ImplTaskRegion33",9.82285e-05,9.82285e-05,47092,47092,75703,75703,3476,3476,7634,7634,10527,10527,2892,2892,3942,3942,2531,2531,47092,47092,72227,72227,2426,2426,1050,1050,1411,1411,2531,2531
"362.fma3d","12","archer-noread","0x5918d3","/rwthfs/rz/cluster/work/pj416018/jube-out/spec-out/benchspec/OMP2012/362.fma3d/build/build_base_archer-noread-profiler.0000/fma1.f90","9555","ImplTaskRegion34",8.13007e-05,8.13007e-05,44538,44538,72405,72405,2629,2629,6751,6751,8946,8946,212,212,569,569,301,301,44538,44538,69776,69776,2272,2272,357,357,268,268,301,301
"362.fma3d","12","archer-noread","0x59190f","/rwthfs/rz/cluster/work/pj416018/jube-out/spec-out/benchspec/OMP2012/362.fma3d/build/build_base_archer-noread-profiler.0000/fma1.f90","9562","ImplTaskRegion35",8.53539e-05,8.53539e-05,44687,44687,72555,72555,3217,3217,7026,7026,9725,9725,431,431,1243,1243,610,610,44687,44687,69338,69338,2405,2405,812,812,633,633,610,610
"362.fma3d","12","archer-noread","0x66dfe0","/rwthfs/rz/cluster/work/pj416018/jube-out/spec-out/benchspec/OMP2012/362.fma3d/build/build_base_archer-noread-profiler.0000/fma2.f90","137","ImplTaskRegion36",0.0093658,0.0093658,3719673,3719673,6981626,6981626,775964,775964,12689,12689,378403,378403,8164,8164,956561,956561,728551,728551,3719673,3719673,6205662,6205662,-172433,-172433,948397,948397,228010,228010,728551,728551
"362.fma3d","12","archer-noread","0x66e233","/rwthfs/rz/cluster/work/pj416018/jube-out/spec-out/benchspec/OMP2012/362.fma3d/build/build_base_archer-noread-profiler.0000/fma2.f90","178","ImplTaskRegion37",0.0117326,0.0117326,7395596,7395596,13716762,13716762,797094,797094,10940,10940,281653,281653,7978,7978,802880,802880,780208,780208,7395596,7395596,12919668,12919668,2192,2192,794902,794902,22672,22672,780208,780208
"362.fma3d","12","archer-noread","0x54ee62","/rwthfs/rz/cluster/work/pj416018/jube-out/spec-out/benchspec/OMP2012/362.fma3d/build/build_base_archer-noread-profiler.0000/platq.f90","172","ImplTaskRegion38",0.696236,0.696236,697614616,697614616,1671452550,1671452550,16793050,16793050,14867138,14867138,24182481,24182481,155853,155853,12204970,12204970,8781111,8781111,697614616,697614616,1654659500,1654659500,4743933,4743933,12049117,12049117,3423859,3423859,8781111,8781111
"362.fma3d","12","archer-noread","0x54ddc8","/rwthfs/rz/cluster/work/pj416018/jube-out/spec-out/benchspec/OMP2012/362.fma3d/build/build_base_archer-noread-profiler.0000/platq.f90","541","ImplTaskRegion39",0.0239534,0.0239534,1270114,1270114,2347504,2347504,41870,41870,14089,14089,49811,49811,3799,3799,38211,38211,5054,5054,1270114,1270114,2305634,2305634,7458,7458,34412,34412,33157,33157,5054,5054
"362.fma3d","12","archer-noread","0x54e0e2","/rwthfs/rz/cluster/work/pj416018/jube-out/spec-out/benchspec/OMP2012/362.fma3d/build/build_base_archer-noread-profiler.0000/platq.f90","570","ImplTaskRegion40",0.00231862,0.00231862,1269903,1269903,3250645,3250645,81770,81770,11558,11558,38422,38422,3603,3603,82589,82589,14424,14424,1269903,1269903,3168875,3168875,2784,2784,78986,78986,68165,68165,14424,14424
"362.fma3d","12","archer-noread","0x54e43c","/rwthfs/rz/cluster/work/pj416018/jube-out/spec-out/benchspec/OMP2012/362.fma3d/build/build_base_archer-noread-profiler.0000/platq.f90","585","ImplTaskRegion41",0.101987,0.101987,11244230,11244230,20887609,20887609,444598,444598,34396,34396,417554,417554,9745,9745,404039,404039,33311,33311,11244230,11244230,20443011,20443011,50304,50304,394294,394294,370728,370728,33311,33311
"362.fma3d","12","archer-noread","0x54ecf1","/rwthfs/rz/cluster/work/pj416018/jube-out/spec-out/benchspec/OMP2012/362.fma3d/build/build_base_archer-noread-profiler.0000/platq.f90","599","ImplTaskRegion42",0.0746675,0.0746675,30847271,30847271,85186129,85186129,2808681,2808681,26148,26148,1766359,1766359,18462,18462,3469277,3469277,2971282,2971282,30847271,30847271,82377448,82377448,-642134,-642134,3450815,3450815,497995,497995,2971282,2971282
"362.fma3d","12","archer-noread","0x62ef2e","/rwthfs/rz/cluster/work/pj416018/jube-out/spec-out/benchspec/OMP2012/362.fma3d/build/build_base_archer-noread-profiler.0000/fma2.f90","4202","ImplTaskRegion43",76.0285,76.0285,27253617919,27253617919,64879545780,64879545780,4513116679,4513116679,10102557,10102557,2426453565,2426453565,7881359,7881359,8176751726,8176751726,5613294459,5613294459,27253617919,27253617919,60366429101,60366429101,-3655753688,-3655753688,8168870367,8168870367,2563457267,2563457267,5613294459,5613294459
"362.fma3d","12","archer-noread","0x66e438","/rwthfs/rz/cluster/work/pj416018/jube-out/spec-out/benchspec/OMP2012/362.fma3d/build/build_base_archer-noread-profiler.0000/fma2.f90","254","ImplTaskRegion44",0.0138469,0.0138469,5819686,5819686,14834452,14834452,639814,639814,14232,14232,149901,149901,10694,10694,976855,976855,806814,806814,5819686,5819686,14194638,14194638,-326347,-326347,966161,966161,170041,170041,806814,806814
"362.fma3d","12","archer-noread","0x66e65b","/rwthfs/rz/cluster/work/pj416018/jube-out/spec-out/benchspec/OMP2012/362.fma3d/build/build_base_archer-noread-profiler.0000/fma2.f90","307","ImplTaskRegion45",0.0241306,0.0241306,5856932,5856932,14216939,14216939,1407101,1407101,13433,13433,298764,298764,9816,9816,2272597,2272597,2057689,2057689,5856932,5856932,12809838,12809838,-855680,-855680,2262781,2262781,214908,214908,2057689,2057689
"362.fma3d","12","archer-noread","0x66e759","/rwthfs/rz/cluster/work/pj416018/jube-out/spec-out/benchspec/OMP2012/362.fma3d/build/build_base_archer-noread-profiler.0000/fma2.f90","338","ImplTaskRegion46",26.101,26.101,10188623857,10188623857,21988019315,21988019315,1637120251,1637120251,6823291,6823291,692736480,692736480,5389448,5389448,2204344480,2204344480,2166094573,2166094573,10188623857,10188623857,20350899064,20350899064,-561834781,-561834781,2198955032,2198955032,38249907,38249907,2166094573,2166094573
"362.fma3d","12","archer-noread","0x663a1c","/rwthfs/rz/cluster/work/pj416018/jube-out/spec-out/benchspec/OMP2012/362.fma3d/build/build_base_archer-noread-profiler.0000/fma2.f90","5279","ImplTaskRegion47",0.000219345,0.000219345,86009,86009,191173,191173,8024,8024,8000,8000,12652,12652,3322,3322,9122,9122,6947,6947,86009,86009,183149,183149,2224,2224,5800,5800,2175,2175,6947,6947
"362.fma3d","12","archer-noread","0x663a61","/rwthfs/rz/cluster/work/pj416018/jube-out/spec-out/benchspec/OMP2012/362.fma3d/build/build_base_archer-noread-profiler.0000/fma2.f90","5541","ImplTaskRegion48",0.84751,0.84751,433285009,433285009,1028474939,1028474939,35022215,35022215,4434620,4434620,25750979,25750979,1920381,1920381,40986396,40986396,25611818,25611818,433285009,433285009,993452724,993452724,-4043800,-4043800,39066015,39066015,15374578,15374578,25611818,25611818
"362.fma3d","12","archer-noread","0x66e840","/rwthfs/rz/cluster/work/pj416018/jube-out/spec-out/benchspec/OMP2012/362.fma3d/build/build_base_archer-noread-profiler.0000/fma2.f90","459","ImplTaskRegion49",25.5332,25.5332,18734875672,18734875672,41991473537,41991473537,1366110335,1366110335,9584705,9584705,637630530,637630530,6923191,6923191,1577868915,1577868915,1482518429,1482518429,18734875672,18734875672,40625363202,40625363202,-204835389,-204835389,1570945724,1570945724,95350486,95350486,1482518429,1482518429
"362.fma3d","12","archer-noread","0x66e9c0","/rwthfs/rz/cluster/work/pj416018/jube-out/spec-out/benchspec/OMP2012/362.fma3d/build/build_base_archer-noread-profiler.0000/fma2.f90","569","ImplTaskRegion50",17.4242,17.4242,8529959875,8529959875,14703882449,14703882449,993896429,993896429,7110993,7110993,252362909,252362909,5342877,5342877,1237996829,1237996829,1121944549,1121944549,8529959875,8529959875,13709986020,13709986020,-238757523,-238757523,1232653952,1232653952,116052280,116052280,1121944549,1121944549
"362.fma3d","12","archer-noread","0x54ef6d","/rwthfs/rz/cluster/work/pj416018/jube-out/spec-out/benchspec/OMP2012/362.fma3d/build/build_base_archer-noread-profiler.0000/platq.f90","386","ImplTaskRegion51",305.587,305.587,283757812668,283757812668,676226540487,676226540487,6931437955,6931437955,10705888127,10705888127,14674532672,14674532672,58232579,58232579,5088194862,5088194862,3762657017,3762657017,283757812668,283757812668,669295102532,669295102532,1901475672,1901475672,5029962283,5029962283,1325537845,1325537845,3762657017,3762657017
