"App","numthreads","variant","Codeptr","Filename","Codeline","Region","Time_Exclusive","Time_Inclusive","MEM_INST_RETIRED:ALL_STORES_excl","MEM_INST_RETIRED:ALL_STORES_incl","MEM_INST_RETIRED:ALL_LOADS_excl","MEM_INST_RETIRED:ALL_LOADS_incl","L1D:REPLACEMENT_excl","L1D:REPLACEMENT_incl","L2_RQSTS:ALL_CODE_RD_excl","L2_RQSTS:ALL_CODE_RD_incl","L2_RQSTS:ALL_DEMAND_REFERENCES_excl","L2_RQSTS:ALL_DEMAND_REFERENCES_incl","L2_RQSTS:CODE_RD_MISS_excl","L2_RQSTS:CODE_RD_MISS_incl","LLC_REFERENCES_excl","LLC_REFERENCES_incl","LLC_MISSES_excl","LLC_MISSES_incl","L1D_W_A = L1D_W_H_excl","L1D_W_A = L1D_W_H_incl","L1D_R_H_excl","L1D_R_H_incl","L2D_H_excl","L2D_H_incl","L3D_A_excl","L3D_A_incl","L3_H_excl","L3_H_incl","MEM_excl","MEM_incl"
"362.fma3d","48","ixe-base","(nil)","n/a","n/a","ImplTaskRegion1",128.133,209.527,125650426817,152299357578,201411635896,251165499026,11407696073,12810104209,15948707504,18339230518,22169815307,25160656175,444414648,541659405,1469110145,1956970295,474046819,733758635,125650426817,152299357578,190003939823,238355394817,10383000576,11394793319,1024695497,1415310890,995063326,1223211660,474046819,733758635
"362.fma3d","48","ixe-base","0x4b4546","n/a","n/a","ImplTaskRegion2",10.0513,10.0513,2851993559,2851993559,7226292840,7226292840,53677798,53677798,81438226,81438226,130120201,130120201,19456858,19456858,32162747,32162747,27316557,27316557,2851993559,2851993559,7172615042,7172615042,40971909,40971909,12705889,12705889,4846190,4846190,27316557,27316557
"362.fma3d","48","ixe-base","0x4b4b04","n/a","n/a","ImplTaskRegion3",0.468961,0.468961,95929493,95929493,132496328,132496328,6614004,6614004,10226526,10226526,16205058,16205058,2617405,2617405,4240720,4240720,3482615,3482615,95929493,95929493,125882324,125882324,4990689,4990689,1623315,1623315,758105,758105,3482615,3482615
"362.fma3d","48","ixe-base","0x4b4b5f","n/a","n/a","ImplTaskRegion4",0.570006,0.570006,20569544,20569544,24203442,24203442,1005415,1005415,1336387,1336387,2144674,2144674,560755,560755,913721,913721,499448,499448,20569544,20569544,23198027,23198027,652449,652449,352966,352966,414273,414273,499448,499448
"362.fma3d","48","ixe-base","0x46bc23","n/a","n/a","ImplTaskRegion5",1.07267,1.07267,17463046,17463046,24432066,24432066,1233102,1233102,2050991,2050991,3138908,3138908,814135,814135,1242768,1242768,602651,602651,17463046,17463046,23198964,23198964,804469,804469,428633,428633,640117,640117,602651,602651
"362.fma3d","48","ixe-base","0x46c056","n/a","n/a","ImplTaskRegion6",0.425305,0.425305,24926217,24926217,34054301,34054301,1744942,1744942,2785509,2785509,4355089,4355089,874298,874298,1349653,1349653,779921,779921,24926217,24926217,32309359,32309359,1269587,1269587,475355,475355,569732,569732,779921,779921
"362.fma3d","48","ixe-base","0x480f01","n/a","n/a","ImplTaskRegion7",0.283799,0.283799,6753425,6753425,8988900,8988900,561389,561389,1028983,1028983,1521911,1521911,435923,435923,678713,678713,340722,340722,6753425,6753425,8427511,8427511,318599,318599,242790,242790,337991,337991,340722,340722
"362.fma3d","48","ixe-base","0x4810f4","n/a","n/a","ImplTaskRegion8",0.189715,0.189715,7888525,7888525,10022783,10022783,552283,552283,973572,973572,1444608,1444608,425956,425956,656537,656537,321458,321458,7888525,7888525,9470500,9470500,321702,321702,230581,230581,335079,335079,321458,321458
"362.fma3d","48","ixe-base","0x481858","n/a","n/a","ImplTaskRegion9",0.546704,0.546704,7766263,7766263,11981955,11981955,578173,578173,1055344,1055344,1560851,1560851,474076,474076,705029,705029,336570,336570,7766263,7766263,11403782,11403782,347220,347220,230953,230953,368459,368459,336570,336570
"362.fma3d","48","ixe-base","0x481c10","n/a","n/a","ImplTaskRegion10",0.275722,0.275722,7236442,7236442,9604846,9604846,581385,581385,1120674,1120674,1631114,1631114,502041,502041,756037,756037,371989,371989,7236442,7236442,9023461,9023461,327389,327389,253996,253996,384048,384048,371989,371989
"362.fma3d","48","ixe-base","0x48253e","n/a","n/a","ImplTaskRegion11",0.177493,0.177493,6078423,6078423,7639192,7639192,453577,453577,850495,850495,1242400,1242400,373754,373754,571776,571776,240806,240806,6078423,6078423,7185615,7185615,255555,255555,198022,198022,330970,330970,240806,240806
"362.fma3d","48","ixe-base","0x483b4f","n/a","n/a","ImplTaskRegion12",0.398481,0.398481,8252258,8252258,10616518,10616518,591879,591879,1063100,1063100,1579421,1579421,491193,491193,752274,752274,345245,345245,8252258,8252258,10024639,10024639,330798,330798,261081,261081,407029,407029,345245,345245
"362.fma3d","48","ixe-base","0x483d28","n/a","n/a","ImplTaskRegion13",0.264733,0.264733,6323647,6323647,8176577,8176577,476717,476717,910773,910773,1321323,1321323,448076,448076,673970,673970,281676,281676,6323647,6323647,7699860,7699860,250823,250823,225894,225894,392294,392294,281676,281676
"362.fma3d","48","ixe-base","0x483f01","n/a","n/a","ImplTaskRegion14",0.31468,0.31468,6041796,6041796,7739387,7739387,474678,474678,921466,921466,1329775,1329775,473079,473079,706933,706933,337261,337261,6041796,6041796,7264709,7264709,240824,240824,233854,233854,369672,369672,337261,337261
"362.fma3d","48","ixe-base","0x48459a","n/a","n/a","ImplTaskRegion15",2.33451,2.33451,84052111,84052111,86079551,86079551,6046449,6046449,1723632,1723632,5075519,5075519,633164,633164,4244665,4244665,2640263,2640263,84052111,84052111,80033102,80033102,2434948,2434948,3611501,3611501,1604402,1604402,2640263,2640263
"362.fma3d","48","ixe-base","0x48563b","n/a","n/a","ImplTaskRegion16",0.81651,0.81651,47083762,47083762,46400079,46400079,1268513,1268513,1197992,1197992,2344870,2344870,591623,591623,1492404,1492404,684074,684074,47083762,47083762,45131566,45131566,367732,367732,900781,900781,808330,808330,684074,684074
"362.fma3d","48","ixe-base","0x48617b","n/a","n/a","ImplTaskRegion17",0.45932,0.45932,10535913,10535913,11649925,11649925,585235,585235,1024242,1024242,1527521,1527521,497174,497174,738485,738485,366834,366834,10535913,10535913,11064690,11064690,343924,343924,241311,241311,371651,371651,366834,366834
"362.fma3d","48","ixe-base","0x46c65d","n/a","n/a","ImplTaskRegion18",0.377842,0.377842,5071206,5071206,6546519,6546519,462868,462868,948471,948471,1352163,1352163,425923,425923,621505,621505,343946,343946,5071206,5071206,6083651,6083651,267286,267286,195582,195582,277559,277559,343946,343946
"362.fma3d","48","ixe-base","0x46c84e","n/a","n/a","ImplTaskRegion19",0.450279,0.450279,5742870,5742870,7494098,7494098,513764,513764,1003142,1003142,1450780,1450780,451212,451212,681962,681962,363672,363672,5742870,5742870,6980334,6980334,283014,283014,230750,230750,318290,318290,363672,363672
"362.fma3d","48","ixe-base","0x46ce00","n/a","n/a","ImplTaskRegion20",0.4616,0.4616,8558462,8558462,11130641,11130641,645552,645552,1203438,1203438,1773612,1773612,521631,521631,785534,785534,378775,378775,8558462,8558462,10485089,10485089,381649,381649,263903,263903,406759,406759,378775,378775
"362.fma3d","48","ixe-base","0x46d13f","n/a","n/a","ImplTaskRegion21",0.509616,0.509616,8913175,8913175,11452297,11452297,639564,639564,1208033,1208033,1764704,1764704,584890,584890,872984,872984,395821,395821,8913175,8913175,10812733,10812733,351470,351470,288094,288094,477163,477163,395821,395821
"362.fma3d","48","ixe-base","0x46da6c","n/a","n/a","ImplTaskRegion22",1.46864,1.46864,47698516,47698516,54922841,54922841,4662228,4662228,1323074,1323074,3377531,3377531,621888,621888,2727333,2727333,1599402,1599402,47698516,47698516,50260613,50260613,2556783,2556783,2105445,2105445,1127931,1127931,1599402,1599402
"362.fma3d","48","ixe-base","0x46dc59","n/a","n/a","ImplTaskRegion23",1.02563,1.02563,273844378,273844378,448664918,448664918,895439,895439,1204131,1204131,2017534,2017534,581130,581130,1188780,1188780,523037,523037,273844378,273844378,447769479,447769479,287789,287789,607650,607650,665743,665743,523037,523037
"362.fma3d","48","ixe-base","0x4b5d25","n/a","n/a","ImplTaskRegion24",0.919204,0.919204,292412964,292412964,466815192,466815192,1504691,1504691,1536361,1536361,2902212,2902212,720521,720521,1670833,1670833,905748,905748,292412964,292412964,465310501,465310501,554379,554379,950312,950312,765085,765085,905748,905748
"362.fma3d","48","ixe-base","0x4b815c","n/a","n/a","ImplTaskRegion25",0.459604,0.459604,8504866,8504866,10871655,10871655,657626,657626,1011987,1011987,1588920,1588920,421764,421764,750615,750615,409552,409552,8504866,8504866,10214029,10214029,328775,328775,328851,328851,341063,341063,409552,409552
"362.fma3d","48","ixe-base","0x4b81b6","n/a","n/a","ImplTaskRegion26",0.235412,0.235412,4880118,4880118,6309426,6309426,397204,397204,768086,768086,1108793,1108793,350296,350296,543501,543501,257690,257690,4880118,4880118,5912222,5912222,203999,203999,193205,193205,285811,285811,257690,257690
"362.fma3d","48","ixe-base","0x4b8210","n/a","n/a","ImplTaskRegion27",0.338398,0.338398,14913419,14913419,15410511,15410511,821171,821171,955273,955273,1611137,1611137,451533,451533,1120499,1120499,737749,737749,14913419,14913419,14589340,14589340,152205,152205,668966,668966,382750,382750,737749,737749
"362.fma3d","48","ixe-base","0x4b826a","n/a","n/a","ImplTaskRegion28",0.134768,0.134768,4503533,4503533,5734919,5734919,334044,334044,689075,689075,978089,978089,286549,286549,420488,420488,224332,224332,4503533,4503533,5400875,5400875,200105,200105,133939,133939,196156,196156,224332,224332
"362.fma3d","48","ixe-base","0x4b82c4","n/a","n/a","ImplTaskRegion29",0.0723245,0.0723245,4912571,4912571,6678531,6678531,353562,353562,647208,647208,944369,944369,240728,240728,395322,395322,172852,172852,4912571,4912571,6324969,6324969,198968,198968,154594,154594,222470,222470,172852,172852
"362.fma3d","48","ixe-base","0x4b831e","n/a","n/a","ImplTaskRegion30",0.186305,0.186305,5646732,5646732,6968563,6968563,391032,391032,730993,730993,1062728,1062728,343610,343610,518505,518505,237893,237893,5646732,5646732,6577531,6577531,216137,216137,174895,174895,280612,280612,237893,237893
"362.fma3d","48","ixe-base","0x4b83d0","n/a","n/a","ImplTaskRegion31",0.2082,0.2082,5051209,5051209,6409439,6409439,397559,397559,791789,791789,1124735,1124735,416225,416225,605634,605634,273739,273739,5051209,5051209,6011880,6011880,208150,208150,189409,189409,331895,331895,273739,273739
"362.fma3d","48","ixe-base","0x4b842a","n/a","n/a","ImplTaskRegion32",0.394603,0.394603,18705574,18705574,18631125,18631125,946126,946126,956542,956542,1589914,1589914,426478,426478,1195528,1195528,818747,818747,18705574,18705574,17684999,17684999,177076,177076,769050,769050,376781,376781,818747,818747
"362.fma3d","48","ixe-base","0x4b8484","n/a","n/a","ImplTaskRegion33",0.168762,0.168762,4702478,4702478,6054419,6054419,388676,388676,762372,762372,1098549,1098549,338857,338857,520434,520434,242349,242349,4702478,4702478,5665743,5665743,207099,207099,181577,181577,278085,278085,242349,242349
"362.fma3d","48","ixe-base","0x4b84de","n/a","n/a","ImplTaskRegion34",0.0474226,0.0474226,4709896,4709896,6087100,6087100,342214,342214,667501,667501,952594,952594,260902,260902,406299,406299,187430,187430,4709896,4709896,5744886,5744886,196817,196817,145397,145397,218869,218869,187430,187430
"362.fma3d","48","ixe-base","0x4b8538","n/a","n/a","ImplTaskRegion35",0.110578,0.110578,4459432,4459432,5645017,5645017,323576,323576,691163,691163,976035,976035,307131,307131,437596,437596,197438,197438,4459432,4459432,5321441,5321441,193111,193111,130465,130465,240158,240158,197438,197438
"362.fma3d","48","ixe-base","0x4dd542","n/a","n/a","ImplTaskRegion36",0.453494,0.453494,13253971,13253971,15864118,15864118,788062,788062,1128606,1128606,1830356,1830356,563206,563206,1028230,1028230,559579,559579,13253971,13253971,15076056,15076056,323038,323038,465024,465024,468651,468651,559579,559579
"362.fma3d","48","ixe-base","0x4dd671","n/a","n/a","ImplTaskRegion37",0.359077,0.359077,19709360,19709360,20152631,20152631,746351,746351,971264,971264,1612552,1612552,477008,477008,881436,881436,447431,447431,19709360,19709360,19406280,19406280,341923,341923,404428,404428,434005,434005,447431,447431
"362.fma3d","48","ixe-base","0x4641d7","n/a","n/a","ImplTaskRegion38",44.5357,44.5357,2175691217,2175691217,2253467733,2253467733,92368681,92368681,255358403,255358403,328980986,328980986,3668266,3668266,51852257,51852257,32495392,32495392,2175691217,2175691217,2161099052,2161099052,44184690,44184690,48183991,48183991,19356865,19356865,32495392,32495392
"362.fma3d","48","ixe-base","0x46329d","n/a","n/a","ImplTaskRegion39",0.238721,0.238721,8388873,8388873,10760860,10760860,624620,624620,1110169,1110169,1650418,1650418,478566,478566,746508,746508,335490,335490,8388873,8388873,10136240,10136240,356678,356678,267942,267942,411018,411018,335490,335490
"362.fma3d","48","ixe-base","0x4633d3","n/a","n/a","ImplTaskRegion40",0.971311,0.971311,12591291,12591291,16892038,16892038,992094,992094,1824433,1824433,2690665,2690665,857477,857477,1334272,1334272,667196,667196,12591291,12591291,15899944,15899944,515299,515299,476795,476795,667076,667076,667196,667196
"362.fma3d","48","ixe-base","0x4637b4","n/a","n/a","ImplTaskRegion41",0.583411,0.583411,24463815,24463815,31767559,31767559,741346,741346,1192409,1192409,1853165,1853165,541202,541202,890010,890010,354413,354413,24463815,24463815,31026213,31026213,392538,392538,348808,348808,535597,535597,354413,354413
"362.fma3d","48","ixe-base","0x462178","n/a","n/a","ImplTaskRegion42",3.59309,3.59309,111161671,111161671,143853994,143853994,12812811,12812811,3180130,3180130,11695235,11695235,1136411,1136411,5967319,5967319,4039782,4039782,111161671,111161671,131041183,131041183,7981903,7981903,4830908,4830908,1927537,1927537,4039782,4039782
"362.fma3d","48","ixe-base","0x511bc4","n/a","n/a","ImplTaskRegion43",4.88961,4.88961,117637629,117637629,402271760,402271760,30492867,30492867,2014879,2014879,10782830,10782830,698739,698739,8095685,8095685,5796130,5796130,117637629,117637629,371778893,371778893,23095921,23095921,7396946,7396946,2299555,2299555,5796130,5796130
"362.fma3d","48","ixe-base","0x4dd7a4","n/a","n/a","ImplTaskRegion44",0.929608,0.929608,24007658,24007658,26827860,26827860,1120396,1120396,1761169,1761169,2590705,2590705,874085,874085,1530733,1530733,868692,868692,24007658,24007658,25707464,25707464,463748,463748,656648,656648,662041,662041,868692,868692
"362.fma3d","48","ixe-base","0x4dd93c","n/a","n/a","ImplTaskRegion45",1.06043,1.06043,20971285,20971285,24044258,24044258,1493141,1493141,1855648,1855648,3008115,3008115,838558,838558,1756215,1756215,1073459,1073459,20971285,20971285,22551117,22551117,575484,575484,917657,917657,682756,682756,1073459,1073459
"362.fma3d","48","ixe-base","0x4dd9dd","n/a","n/a","ImplTaskRegion46",27.9193,27.9193,15717506914,15717506914,18330753935,18330753935,1409841090,1409841090,298499379,298499379,765771868,765771868,116150034,116150034,656919783,656919783,466981570,466981570,15717506914,15717506914,16920912845,16920912845,869071341,869071341,540769749,540769749,189938213,189938213,466981570,466981570
"362.fma3d","48","ixe-base","0x4e5bbd","n/a","n/a","ImplTaskRegion47",2.30356,2.30356,36563791,36563791,61208247,61208247,4327770,4327770,5102261,5102261,8971537,8971537,1144949,1144949,4583079,4583079,2678403,2678403,36563791,36563791,56880477,56880477,889640,889640,3438130,3438130,1904676,1904676,2678403,2678403
"362.fma3d","48","ixe-base","0x4e5c42","n/a","n/a","ImplTaskRegion48",14.3018,14.3018,2948767778,2948767778,3481568737,3481568737,185211427,185211427,313823959,313823959,450524303,450524303,100726886,100726886,180512415,180512415,96709137,96709137,2948767778,2948767778,3296357310,3296357310,105425898,105425898,79785529,79785529,83803278,83803278,96709137,96709137
"362.fma3d","48","ixe-base","0x4de059","n/a","n/a","ImplTaskRegion49",48.2901,48.2901,25714325261,25714325261,35316561209,35316561209,2233835437,2233835437,460558821,460558821,901879666,901879666,137743213,137743213,679143163,679143163,463420594,463420594,25714325261,25714325261,33082725772,33082725772,1692435487,1692435487,541399950,541399950,215722569,215722569,463420594,463420594
"362.fma3d","48","ixe-base","0x4de187","n/a","n/a","ImplTaskRegion50",20.1625,20.1625,15659364713,15659364713,16756963895,16756963895,453611470,453611470,300036920,300036920,546751501,546751501,85595118,85595118,382765407,382765407,202787870,202787870,15659364713,15659364713,16303352425,16303352425,156441181,156441181,297170289,297170289,179977537,179977537,202787870,202787870
"362.fma3d","48","ixe-base","0x45a009","n/a","n/a","ImplTaskRegion51",1524.11,1524.11,786632899215,786632899215,1431136824481,1431136824481,17854188417,17854188417,99038813969,99038813969,111878144552,111878144552,338964623,338964623,4945886174,4945886174,3507412828,3507412828,786632899215,786632899215,1413282636064,1413282636064,13247266866,13247266866,4606921551,4606921551,1438473346,1438473346,3507412828,3507412828
"362.fma3d","48","ixe-base","0x4f03a7","n/a","n/a","ImplTaskRegion52",163.256,163.256,53397878734,53397878734,119379758533,119379758533,17841728917,17841728917,345872795,345872795,2836858614,2836858614,165380813,165380813,2314451905,2314451905,1909342294,1909342294,53397878734,53397878734,101538029616,101538029616,15692657825,15692657825,2149071092,2149071092,405109611,405109611,1909342294,1909342294
"App","numthreads","variant","Codeptr","Filename","Codeline","Region","Time_Exclusive","Time_Inclusive","MEM_INST_RETIRED:ALL_STORES_excl","MEM_INST_RETIRED:ALL_STORES_incl","MEM_INST_RETIRED:ALL_LOADS_excl","MEM_INST_RETIRED:ALL_LOADS_incl","L1D:REPLACEMENT_excl","L1D:REPLACEMENT_incl","L2_RQSTS:ALL_CODE_RD_excl","L2_RQSTS:ALL_CODE_RD_incl","L2_RQSTS:ALL_DEMAND_REFERENCES_excl","L2_RQSTS:ALL_DEMAND_REFERENCES_incl","L2_RQSTS:CODE_RD_MISS_excl","L2_RQSTS:CODE_RD_MISS_incl","LLC_REFERENCES_excl","LLC_REFERENCES_incl","LLC_MISSES_excl","LLC_MISSES_incl","L1D_W_A = L1D_W_H_excl","L1D_W_A = L1D_W_H_incl","L1D_R_H_excl","L1D_R_H_incl","L2D_H_excl","L2D_H_incl","L3D_A_excl","L3D_A_incl","L3_H_excl","L3_H_incl","MEM_excl","MEM_incl"
"362.fma3d","48","base","(nil)","n/a","n/a","ImplTaskRegion1",4.36411,7.11727,1914164407,2611441974,4076306539,5408066238,457545642,513055233,85394688,88461868,476609919,511208598,586239,2061719,443972878,498101700,261656551,293515980,1914164407,2611441974,3618760897,4895011005,14159003,17015252,443386639,496039981,182316327,204585720,261656551,293515980
"362.fma3d","48","base","0x4dd64d","/rwthfs/rz/cluster/work/pj416018/jube-out/spec-out/benchspec/OMP2012/362.fma3d/build/build_base_base-profiler.0000/fma1.f90","866","ImplTaskRegion2",0.0145352,0.0145352,148526,148526,174682,174682,24842,24842,54970,54970,77452,77452,19336,19336,31200,31200,16050,16050,148526,148526,149840,149840,12978,12978,11864,11864,15150,15150,16050,16050
"362.fma3d","48","base","0x4ddbc2","/rwthfs/rz/cluster/work/pj416018/jube-out/spec-out/benchspec/OMP2012/362.fma3d/build/build_base_base-profiler.0000/fma1.f90","967","ImplTaskRegion3",0.000248909,0.000248909,65811,65811,130633,130633,3420,3420,15894,15894,18810,18810,2408,2408,3595,3595,2065,2065,65811,65811,127213,127213,2233,2233,1187,1187,1530,1530,2065,2065
"362.fma3d","48","base","0x4ddbdc","/rwthfs/rz/cluster/work/pj416018/jube-out/spec-out/benchspec/OMP2012/362.fma3d/build/build_base_base-profiler.0000/fma1.f90","985","ImplTaskRegion4",0.000278473,0.000278473,64620,64620,129994,129994,3438,3438,14108,14108,17137,17137,493,493,1090,1090,643,643,64620,64620,126556,126556,2841,2841,597,597,447,447,643,643
"362.fma3d","48","base","0x4de1c8","/rwthfs/rz/cluster/work/pj416018/jube-out/spec-out/benchspec/OMP2012/362.fma3d/build/build_base_base-profiler.0000/fma1.f90","124","ImplTaskRegion5",0.000910521,0.000910521,65376,65376,129336,129336,6540,6540,30519,30519,36180,36180,11406,11406,14242,14242,6928,6928,65376,65376,122796,122796,3704,3704,2836,2836,7314,7314,6928,6928
"362.fma3d","48","base","0x4de38f","/rwthfs/rz/cluster/work/pj416018/jube-out/spec-out/benchspec/OMP2012/362.fma3d/build/build_base_base-profiler.0000/fma1.f90","150","ImplTaskRegion6",0.000373363,0.000373363,68255,68255,130835,130835,5277,5277,25039,25039,29787,29787,13687,13687,16623,16623,8590,8590,68255,68255,125558,125558,2341,2341,2936,2936,8033,8033,8590,8590
"362.fma3d","48","base","0x4c38d7","/rwthfs/rz/cluster/work/pj416018/jube-out/spec-out/benchspec/OMP2012/362.fma3d/build/build_base_base-profiler.0000/fma1.f90","1621","ImplTaskRegion7",0.000330925,0.000330925,63649,63649,127732,127732,3774,3774,17482,17482,20891,20891,5042,5042,5903,5903,3187,3187,63649,63649,123958,123958,2913,2913,861,861,2716,2716,3187,3187
"362.fma3d","48","base","0x4c398b","/rwthfs/rz/cluster/work/pj416018/jube-out/spec-out/benchspec/OMP2012/362.fma3d/build/build_base_base-profiler.0000/fma1.f90","1638","ImplTaskRegion8",0.00024128,0.00024128,63703,63703,127896,127896,2920,2920,13059,13059,15617,15617,1195,1195,1592,1592,843,843,63703,63703,124976,124976,2523,2523,397,397,749,749,843,843
"362.fma3d","48","base","0x4c3c52","/rwthfs/rz/cluster/work/pj416018/jube-out/spec-out/benchspec/OMP2012/362.fma3d/build/build_base_base-profiler.0000/fma1.f90","1694","ImplTaskRegion9",0.000249147,0.000249147,64347,64347,128631,128631,3016,3016,12317,12317,14979,14979,1186,1186,1711,1711,957,957,64347,64347,125615,125615,2491,2491,525,525,754,754,957,957
"362.fma3d","48","base","0x4c3d11","/rwthfs/rz/cluster/work/pj416018/jube-out/spec-out/benchspec/OMP2012/362.fma3d/build/build_base_base-profiler.0000/fma1.f90","1739","ImplTaskRegion10",0.000285149,0.000285149,63640,63640,127794,127794,5697,5697,17461,17461,22519,22519,2312,2312,3337,3337,1736,1736,63640,63640,122097,122097,4672,4672,1025,1025,1601,1601,1736,1736
"362.fma3d","48","base","0x4c4080","/rwthfs/rz/cluster/work/pj416018/jube-out/spec-out/benchspec/OMP2012/362.fma3d/build/build_base_base-profiler.0000/fma1.f90","1805","ImplTaskRegion11",0.000239849,0.000239849,63715,63715,127831,127831,2915,2915,13879,13879,16455,16455,1377,1377,1839,1839,889,889,63715,63715,124916,124916,2453,2453,462,462,950,950,889,889
"362.fma3d","48","base","0x4c48b2","/rwthfs/rz/cluster/work/pj416018/jube-out/spec-out/benchspec/OMP2012/362.fma3d/build/build_base_base-profiler.0000/fma1.f90","1977","ImplTaskRegion12",0.000294447,0.000294447,67948,67948,131012,131012,3071,3071,13074,13074,15739,15739,953,953,1617,1617,712,712,67948,67948,127941,127941,2407,2407,664,664,905,905,712,712
"362.fma3d","48","base","0x4c4966","/rwthfs/rz/cluster/work/pj416018/jube-out/spec-out/benchspec/OMP2012/362.fma3d/build/build_base_base-profiler.0000/fma1.f90","1992","ImplTaskRegion13",0.000231743,0.000231743,63665,63665,127911,127911,2820,2820,12727,12727,15297,15297,22,22,412,412,249,249,63665,63665,125091,125091,2430,2430,390,390,163,163,249,249
"362.fma3d","48","base","0x4c4a1e","/rwthfs/rz/cluster/work/pj416018/jube-out/spec-out/benchspec/OMP2012/362.fma3d/build/build_base_base-profiler.0000/fma1.f90","2003","ImplTaskRegion14",0.000259161,0.000259161,63789,63789,128079,128079,3570,3570,14255,14255,17455,17455,1068,1068,1355,1355,739,739,63789,63789,124509,124509,3283,3283,287,287,616,616,739,739
"362.fma3d","48","base","0x4c4cca","/rwthfs/rz/cluster/work/pj416018/jube-out/spec-out/benchspec/OMP2012/362.fma3d/build/build_base_base-profiler.0000/fma1.f90","2042","ImplTaskRegion15",0.0674729,0.0674729,5131903,5131903,128339,128339,528997,528997,22287,22287,513296,513296,9489,9489,536953,536953,377216,377216,5131903,5131903,-400658,-400658,1533,1533,527464,527464,159737,159737,377216,377216
"362.fma3d","48","base","0x4c5308","/rwthfs/rz/cluster/work/pj416018/jube-out/spec-out/benchspec/OMP2012/362.fma3d/build/build_base_base-profiler.0000/fma1.f90","2173","ImplTaskRegion16",0.0276442,0.0276442,5178924,5178924,127896,127896,500129,500129,20407,20407,326022,326022,9418,9418,503131,503131,298635,298635,5178924,5178924,-372233,-372233,6416,6416,493713,493713,204496,204496,298635,298635
"362.fma3d","48","base","0x4c5762","/rwthfs/rz/cluster/work/pj416018/jube-out/spec-out/benchspec/OMP2012/362.fma3d/build/build_base_base-profiler.0000/fma1.f90","2251","ImplTaskRegion17",0.00464487,0.00464487,351027,351027,129432,129432,10760,10760,34162,34162,43075,43075,16060,16060,21398,21398,11351,11351,351027,351027,118672,118672,5422,5422,5338,5338,10047,10047,11351,11351
"362.fma3d","48","base","0x4de65a","/rwthfs/rz/cluster/work/pj416018/jube-out/spec-out/benchspec/OMP2012/362.fma3d/build/build_base_base-profiler.0000/fma1.f90","271","ImplTaskRegion18",0.00158858,0.00158858,60614,60614,124125,124125,6921,6921,40428,40428,46420,46420,24043,24043,28551,28551,14962,14962,60614,60614,117204,117204,2413,2413,4508,4508,13589,13589,14962,14962
"362.fma3d","48","base","0x4de729","/rwthfs/rz/cluster/work/pj416018/jube-out/spec-out/benchspec/OMP2012/362.fma3d/build/build_base_base-profiler.0000/fma1.f90","292","ImplTaskRegion19",0.000479698,0.000479698,63843,63843,128253,128253,5116,5116,25466,25466,30079,30079,14674,14674,17157,17157,8749,8749,63843,63843,123137,123137,2633,2633,2483,2483,8408,8408,8749,8749
"362.fma3d","48","base","0x4de97d","/rwthfs/rz/cluster/work/pj416018/jube-out/spec-out/benchspec/OMP2012/362.fma3d/build/build_base_base-profiler.0000/fma1.f90","350","ImplTaskRegion20",0.00676727,0.00676727,107913,107913,128281,128281,13092,13092,20702,20702,31604,31604,5835,5835,12423,12423,5371,5371,107913,107913,115189,115189,6504,6504,6588,6588,7052,7052,5371,5371
"362.fma3d","48","base","0x4deac6","/rwthfs/rz/cluster/work/pj416018/jube-out/spec-out/benchspec/OMP2012/362.fma3d/build/build_base_base-profiler.0000/fma1.f90","362","ImplTaskRegion21",0.00111818,0.00111818,107476,107476,128225,128225,10009,10009,17425,17425,25387,25387,1276,1276,6018,6018,2190,2190,107476,107476,118216,118216,5267,5267,4742,4742,3828,3828,2190,2190
"362.fma3d","48","base","0x4dedf9","/rwthfs/rz/cluster/work/pj416018/jube-out/spec-out/benchspec/OMP2012/362.fma3d/build/build_base_base-profiler.0000/fma1.f90","411","ImplTaskRegion22",0.0267222,0.0267222,2664688,2664688,127956,127956,270697,270697,19934,19934,181360,181360,5449,5449,272622,272622,215951,215951,2664688,2664688,-142741,-142741,3524,3524,267173,267173,56671,56671,215951,215951
"362.fma3d","48","base","0x4deea7","/rwthfs/rz/cluster/work/pj416018/jube-out/spec-out/benchspec/OMP2012/362.fma3d/build/build_base_base-profiler.0000/fma1.f90","422","ImplTaskRegion23",0.0255423,0.0255423,930888,930888,128038,128038,204684,204684,15895,15895,130559,130559,3901,3901,203639,203639,133339,133339,930888,930888,-76646,-76646,4946,4946,199738,199738,70300,70300,133339,133339
"362.fma3d","48","base","0x49648b","/rwthfs/rz/cluster/work/pj416018/jube-out/spec-out/benchspec/OMP2012/362.fma3d/build/build_base_base-profiler.0000/fma1.f90","9313","ImplTaskRegion24",0.00301576,0.00301576,3535887,3535887,133576,133576,549759,549759,15435,15435,440077,440077,4606,4606,313753,313753,218948,218948,3535887,3535887,-416183,-416183,240612,240612,309147,309147,94805,94805,218948,218948
"362.fma3d","48","base","0x49e578","/rwthfs/rz/cluster/work/pj416018/jube-out/spec-out/benchspec/OMP2012/362.fma3d/build/build_base_base-profiler.0000/fma1.f90","9461","ImplTaskRegion25",0.00211024,0.00211024,151094,151094,127894,127894,94150,94150,12867,12867,76743,76743,3452,3452,92391,92391,88908,88908,151094,151094,33744,33744,5211,5211,88939,88939,3483,3483,88908,88908
"362.fma3d","48","base","0x49e59d","/rwthfs/rz/cluster/work/pj416018/jube-out/spec-out/benchspec/OMP2012/362.fma3d/build/build_base_base-profiler.0000/fma1.f90","9471","ImplTaskRegion26",0.00041914,0.00041914,63692,63692,127768,127768,3581,3581,12609,12609,15773,15773,1192,1192,2044,2044,1119,1119,63692,63692,124187,124187,2729,2729,852,852,925,925,1119,1119
"362.fma3d","48","base","0x49e5c0","/rwthfs/rz/cluster/work/pj416018/jube-out/spec-out/benchspec/OMP2012/362.fma3d/build/build_base_base-profiler.0000/fma1.f90","9478","ImplTaskRegion27",0.00417805,0.00417805,410512,410512,474852,474852,292502,292502,12003,12003,251040,251040,389,389,282499,282499,242553,242553,410512,410512,182350,182350,10392,10392,282110,282110,39946,39946,242553,242553
"362.fma3d","48","base","0x49e5e3","/rwthfs/rz/cluster/work/pj416018/jube-out/spec-out/benchspec/OMP2012/362.fma3d/build/build_base_base-profiler.0000/fma1.f90","9483","ImplTaskRegion28",0.000273705,0.000273705,63852,63852,128056,128056,2983,2983,11813,11813,14418,14418,795,795,1930,1930,1050,1050,63852,63852,125073,125073,1848,1848,1135,1135,880,880,1050,1050
"362.fma3d","48","base","0x49e608","/rwthfs/rz/cluster/work/pj416018/jube-out/spec-out/benchspec/OMP2012/362.fma3d/build/build_base_base-profiler.0000/fma1.f90","9487","ImplTaskRegion29",0.000256777,0.000256777,63712,63712,127860,127860,5473,5473,15007,15007,19852,19852,2025,2025,3419,3419,1705,1705,63712,63712,122387,122387,4079,4079,1394,1394,1714,1714,1705,1705
"362.fma3d","48","base","0x49e62b","/rwthfs/rz/cluster/work/pj416018/jube-out/spec-out/benchspec/OMP2012/362.fma3d/build/build_base_base-profiler.0000/fma1.f90","9494","ImplTaskRegion30",0.000243664,0.000243664,63692,63692,127768,127768,3366,3366,13839,13839,16740,16740,996,996,1404,1404,710,710,63692,63692,124402,124402,2958,2958,408,408,694,694,710,710
"362.fma3d","48","base","0x49e6ea","/rwthfs/rz/cluster/work/pj416018/jube-out/spec-out/benchspec/OMP2012/362.fma3d/build/build_base_base-profiler.0000/fma1.f90","9533","ImplTaskRegion31",0.00039649,0.00039649,63992,63992,128256,128256,2780,2780,12212,12212,14669,14669,1625,1625,2530,2530,1404,1404,63992,63992,125476,125476,1875,1875,905,905,1126,1126,1404,1404
"362.fma3d","48","base","0x49e70d","/rwthfs/rz/cluster/work/pj416018/jube-out/spec-out/benchspec/OMP2012/362.fma3d/build/build_base_base-profiler.0000/fma1.f90","9540","ImplTaskRegion32",0.00247645,0.00247645,410492,410492,821560,821560,307621,307621,13787,13787,197532,197532,906,906,210156,210156,160557,160557,410492,410492,513939,513939,98371,98371,209250,209250,49599,49599,160557,160557
"362.fma3d","48","base","0x49e732","/rwthfs/rz/cluster/work/pj416018/jube-out/spec-out/benchspec/OMP2012/362.fma3d/build/build_base_base-profiler.0000/fma1.f90","9548","ImplTaskRegion33",0.000265598,0.000265598,64987,64987,129403,129403,2956,2956,12495,12495,15127,15127,832,832,1353,1353,782,782,64987,64987,126447,126447,2435,2435,521,521,571,571,782,782
"362.fma3d","48","base","0x49e755","/rwthfs/rz/cluster/work/pj416018/jube-out/spec-out/benchspec/OMP2012/362.fma3d/build/build_base_base-profiler.0000/fma1.f90","9555","ImplTaskRegion34",0.000251293,0.000251293,63857,63857,128076,128076,2499,2499,13028,13028,15149,15149,829,829,1369,1369,670,670,63857,63857,125577,125577,1959,1959,540,540,699,699,670,670
"362.fma3d","48","base","0x49e778","/rwthfs/rz/cluster/work/pj416018/jube-out/spec-out/benchspec/OMP2012/362.fma3d/build/build_base_base-profiler.0000/fma1.f90","9562","ImplTaskRegion35",0.000272751,0.000272751,63712,63712,127860,127860,3781,3781,13713,13713,17052,17052,891,891,1459,1459,761,761,63712,63712,124079,124079,3213,3213,568,568,698,698,761,761
"362.fma3d","48","base","0x549f0c","/rwthfs/rz/cluster/work/pj416018/jube-out/spec-out/benchspec/OMP2012/362.fma3d/build/build_base_base-profiler.0000/fma2.f90","137","ImplTaskRegion36",0.00277925,0.00277925,587979,587979,127864,127864,182619,182619,15194,15194,110887,110887,2824,2824,179477,179477,133910,133910,587979,587979,-54755,-54755,5966,5966,176653,176653,45567,45567,133910,133910
"362.fma3d","48","base","0x54a10a","/rwthfs/rz/cluster/work/pj416018/jube-out/spec-out/benchspec/OMP2012/362.fma3d/build/build_base_base-profiler.0000/fma2.f90","178","ImplTaskRegion37",0.00306439,0.00306439,1112364,1112364,128058,128058,138419,138419,15777,15777,67665,67665,2871,2871,136048,136048,133746,133746,1112364,1112364,-10361,-10361,5242,5242,133177,133177,2302,2302,133746,133746
"362.fma3d","48","base","0x465ca5","/rwthfs/rz/cluster/work/pj416018/jube-out/spec-out/benchspec/OMP2012/362.fma3d/build/build_base_base-profiler.0000/platq.f90","172","ImplTaskRegion38",0.0725467,0.0725467,68042780,68042780,110374352,110374352,1682023,1682023,59129,59129,1077027,1077027,43321,43321,1513452,1513452,1159427,1159427,68042780,68042780,108692329,108692329,211892,211892,1470131,1470131,354025,354025,1159427,1159427
"362.fma3d","48","base","0x465596","/rwthfs/rz/cluster/work/pj416018/jube-out/spec-out/benchspec/OMP2012/362.fma3d/build/build_base_base-profiler.0000/platq.f90","541","ImplTaskRegion39",0.000809669,0.000809669,108009,108009,128625,128625,17682,17682,17288,17288,28523,28523,5583,5583,18798,18798,15001,15001,108009,108009,110943,110943,4467,4467,13215,13215,3797,3797,15001,15001
"362.fma3d","48","base","0x46572e","/rwthfs/rz/cluster/work/pj416018/jube-out/spec-out/benchspec/OMP2012/362.fma3d/build/build_base_base-profiler.0000/platq.f90","562","ImplTaskRegion40",0.000663757,0.000663757,64029,64029,172202,172202,15637,15637,13456,13456,18010,18010,2176,2176,14928,14928,11901,11901,64029,64029,156565,156565,2885,2885,12752,12752,3027,3027,11901,11901
"362.fma3d","48","base","0x465939","/rwthfs/rz/cluster/work/pj416018/jube-out/spec-out/benchspec/OMP2012/362.fma3d/build/build_base_base-profiler.0000/platq.f90","576","ImplTaskRegion41",0.0216417,0.0216417,1330930,1330930,1089568,1089568,83314,83314,19803,19803,98848,98848,4347,4347,79573,79573,60804,60804,1330930,1330930,1006254,1006254,8088,8088,75226,75226,18769,18769,60804,60804
"362.fma3d","48","base","0x465b92","/rwthfs/rz/cluster/work/pj416018/jube-out/spec-out/benchspec/OMP2012/362.fma3d/build/build_base_base-profiler.0000/platq.f90","599","ImplTaskRegion42",0.0196161,0.0196161,356962,356962,5665483,5665483,912485,912485,24677,24677,676755,676755,10810,10810,832047,832047,647527,647527,356962,356962,4752998,4752998,91248,91248,821237,821237,184520,184520,647527,647527
"362.fma3d","48","base","0x51c5ee","/rwthfs/rz/cluster/work/pj416018/jube-out/spec-out/benchspec/OMP2012/362.fma3d/build/build_base_base-profiler.0000/fma2.f90","4202","ImplTaskRegion43",35.4857,35.4857,419024049,419024049,3091394828,3091394828,962039498,962039498,9578119,9578119,542697101,542697101,6843539,6843539,1261998957,1261998957,1039077255,1039077255,419024049,419024049,2129355330,2129355330,-293115920,-293115920,1255155418,1255155418,222921702,222921702,1039077255,1039077255
"362.fma3d","48","base","0x5496d7","/rwthfs/rz/cluster/work/pj416018/jube-out/spec-out/benchspec/OMP2012/362.fma3d/build/build_base_base-profiler.0000/fma2.f90","234","ImplTaskRegion44",0.00349903,0.00349903,413505,413505,827146,827146,182626,182626,14494,14494,110866,110866,7030,7030,184805,184805,150085,150085,413505,413505,644520,644520,4851,4851,177775,177775,34720,34720,150085,150085
"362.fma3d","48","base","0x5498c4","/rwthfs/rz/cluster/work/pj416018/jube-out/spec-out/benchspec/OMP2012/362.fma3d/build/build_base_base-profiler.0000/fma2.f90","307","ImplTaskRegion45",0.00646806,0.00646806,63788,63788,827152,827152,359281,359281,11529,11529,136033,136033,1007,1007,270834,270834,256206,256206,63788,63788,467871,467871,89454,89454,269827,269827,14628,14628,256206,256206
"362.fma3d","48","base","0x549941","/rwthfs/rz/cluster/work/pj416018/jube-out/spec-out/benchspec/OMP2012/362.fma3d/build/build_base_base-profiler.0000/fma2.f90","338","ImplTaskRegion46",14.3922,14.3922,418920218,418920218,968665593,968665593,414140059,414140059,6038658,6038658,303018126,303018126,2805773,2805773,374478605,374478605,290785211,290785211,418920218,418920218,554525534,554525534,42467227,42467227,371672832,371672832,83693394,83693394,290785211,290785211
"362.fma3d","48","base","0x542fe8","/rwthfs/rz/cluster/work/pj416018/jube-out/spec-out/benchspec/OMP2012/362.fma3d/build/build_base_base-profiler.0000/fma2.f90","5279","ImplTaskRegion47",0.00026989,0.00026989,65473,65473,137765,137765,5422,5422,11958,11958,16116,16116,1642,1642,3810,3810,2343,2343,65473,65473,132343,132343,3254,3254,2168,2168,1467,1467,2343,2343
"362.fma3d","48","base","0x54300f","/rwthfs/rz/cluster/work/pj416018/jube-out/spec-out/benchspec/OMP2012/362.fma3d/build/build_base_base-profiler.0000/fma2.f90","5541","ImplTaskRegion48",0.240782,0.240782,77435195,77435195,171280237,171280237,8774116,8774116,5073758,5073758,10201041,10201041,1169987,1169987,8617394,8617394,5215658,5215658,77435195,77435195,162506121,162506121,1326709,1326709,7447407,7447407,3401736,3401736,5215658,5215658
"362.fma3d","48","base","0x5499bc","/rwthfs/rz/cluster/work/pj416018/jube-out/spec-out/benchspec/OMP2012/362.fma3d/build/build_base_base-profiler.0000/fma2.f90","454","ImplTaskRegion49",3.80929,3.80929,565980069,565980069,1591189031,1591189031,278998245,278998245,7086365,7086365,76656073,76656073,2623155,2623155,116921807,116921807,79131652,79131652,565980069,565980069,1312190786,1312190786,164699593,164699593,114298652,114298652,37790155,37790155,79131652,79131652
"362.fma3d","48","base","0x549a44","/rwthfs/rz/cluster/work/pj416018/jube-out/spec-out/benchspec/OMP2012/362.fma3d/build/build_base_base-profiler.0000/fma2.f90","565","ImplTaskRegion50",1.05264,1.05264,921653043,921653043,212384488,212384488,225348185,225348185,5343290,5343290,114643245,114643245,1086917,1086917,32432211,32432211,14811939,14811939,921653043,921653043,-12963697,-12963697,194002891,194002891,31345294,31345294,17620272,17620272,14811939,14811939
"362.fma3d","48","base","0x465d0b","/rwthfs/rz/cluster/work/pj416018/jube-out/spec-out/benchspec/OMP2012/362.fma3d/build/build_base_base-profiler.0000/platq.f90","386","ImplTaskRegion51",34.7052,34.7052,29022340733,29022340733,46202199581,46202199581,752443015,752443015,26907350,26907350,519240348,519240348,20043270,20043270,745923275,745923275,615727473,615727473,29022340733,29022340733,45449756566,45449756566,26563010,26563010,725880005,725880005,130195802,130195802,615727473,615727473
"App","numthreads","variant","Codeptr","Filename","Codeline","Region","Time_Exclusive","Time_Inclusive","MEM_INST_RETIRED:ALL_STORES_excl","MEM_INST_RETIRED:ALL_STORES_incl","MEM_INST_RETIRED:ALL_LOADS_excl","MEM_INST_RETIRED:ALL_LOADS_incl","L1D:REPLACEMENT_excl","L1D:REPLACEMENT_incl","L2_RQSTS:ALL_CODE_RD_excl","L2_RQSTS:ALL_CODE_RD_incl","L2_RQSTS:ALL_DEMAND_REFERENCES_excl","L2_RQSTS:ALL_DEMAND_REFERENCES_incl","L2_RQSTS:CODE_RD_MISS_excl","L2_RQSTS:CODE_RD_MISS_incl","LLC_REFERENCES_excl","LLC_REFERENCES_incl","LLC_MISSES_excl","LLC_MISSES_incl","L1D_W_A = L1D_W_H_excl","L1D_W_A = L1D_W_H_incl","L1D_R_H_excl","L1D_R_H_incl","L2D_H_excl","L2D_H_incl","L3D_A_excl","L3D_A_incl","L3_H_excl","L3_H_incl","MEM_excl","MEM_incl"
"362.fma3d","48","ixe-detail","(nil)","n/a","n/a","ImplTaskRegion1",521.39,1437.99,483493856498,692856174400,910583338425,2029032240508,40050764866,60123181820,24989706640,28700854294,43689365471,57910451976,1804613565,1935455742,6532562076,10235653769,2368649707,4882543609,483493856498,692856174400,870532573559,1968909058688,35322816355,51822983793,4727948511,8300198027,4163912369,5353110160,2368649707,4882543609
"362.fma3d","48","ixe-detail","0x4b4546","n/a","n/a","ImplTaskRegion2",7.21488,7.21488,1342896950,1342896950,2641256103,2641256103,56418315,56418315,32967281,32967281,68452160,68452160,7293786,7293786,14058236,14058236,8774565,8774565,1342896950,1342896950,2584837788,2584837788,49653865,49653865,6764450,6764450,5283671,5283671,8774565,8774565
"362.fma3d","48","ixe-detail","0x4b4b04","n/a","n/a","ImplTaskRegion3",0.390963,0.390963,184406987,184406987,362528675,362528675,7864901,7864901,5037063,5037063,10174430,10174430,1231634,1231634,2371475,2371475,1382220,1382220,184406987,184406987,354663774,354663774,6725060,6725060,1139841,1139841,989255,989255,1382220,1382220
"362.fma3d","48","ixe-detail","0x4b4b5f","n/a","n/a","ImplTaskRegion4",0.303553,0.303553,34598126,34598126,60855082,60855082,1576137,1576137,1451705,1451705,2565191,2565191,572443,572443,949788,949788,516061,516061,34598126,34598126,59278945,59278945,1198792,1198792,377345,377345,433727,433727,516061,516061
"362.fma3d","48","ixe-detail","0x46bc23","n/a","n/a","ImplTaskRegion5",0.842,0.842,20074635,20074635,27712686,27712686,1414816,1414816,2217160,2217160,3450090,3450090,842884,842884,1359825,1359825,751814,751814,20074635,20074635,26297870,26297870,897875,897875,516941,516941,608011,608011,751814,751814
"362.fma3d","48","ixe-detail","0x46c056","n/a","n/a","ImplTaskRegion6",0.381253,0.381253,29874524,29874524,42217357,42217357,1976719,1976719,2953934,2953934,4719232,4719232,956696,956696,1563956,1563956,876942,876942,29874524,29874524,40240638,40240638,1369459,1369459,607260,607260,687014,687014,876942,876942
"362.fma3d","48","ixe-detail","0x480f01","n/a","n/a","ImplTaskRegion7",0.0917263,0.0917263,16499605,16499605,24910918,24910918,1111386,1111386,1036389,1036389,1816389,1816389,419511,419511,855782,855782,434074,434074,16499605,16499605,23799532,23799532,675115,675115,436271,436271,421708,421708,434074,434074
"362.fma3d","48","ixe-detail","0x4810f4","n/a","n/a","ImplTaskRegion8",0.139045,0.139045,17419165,17419165,28647078,28647078,1219548,1219548,1195801,1195801,2085352,2085352,478520,478520,902530,902530,437721,437721,17419165,17419165,27427530,27427530,795538,795538,424010,424010,464809,464809,437721,437721
"362.fma3d","48","ixe-detail","0x481858","n/a","n/a","ImplTaskRegion9",0.67583,0.67583,13460973,13460973,18907278,18907278,847269,847269,1307315,1307315,2060200,2060200,527831,527831,834507,834507,414175,414175,13460973,13460973,18060009,18060009,540593,540593,306676,306676,420332,420332,414175,414175
"362.fma3d","48","ixe-detail","0x481c10","n/a","n/a","ImplTaskRegion10",0.0694578,0.0694578,10390095,10390095,14237234,14237234,680784,680784,1114857,1114857,1714865,1714865,429794,429794,679741,679741,326304,326304,10390095,10390095,13556450,13556450,430837,430837,249947,249947,353437,353437,326304,326304
"362.fma3d","48","ixe-detail","0x48253e","n/a","n/a","ImplTaskRegion11",0.0930974,0.0930974,8854911,8854911,12288709,12288709,590687,590687,989734,989734,1508121,1508121,405289,405289,641818,641818,304696,304696,8854911,8854911,11698022,11698022,354158,354158,236529,236529,337122,337122,304696,304696
"362.fma3d","48","ixe-detail","0x483b4f","n/a","n/a","ImplTaskRegion12",0.149028,0.149028,11301541,11301541,16929890,16929890,728787,728787,1112479,1112479,1733855,1733855,444437,444437,712509,712509,345735,345735,11301541,11301541,16201103,16201103,460715,460715,268072,268072,366774,366774,345735,345735
"362.fma3d","48","ixe-detail","0x483d28","n/a","n/a","ImplTaskRegion13",0.0703652,0.0703652,16721795,16721795,27173104,27173104,1021410,1021410,1062541,1062541,1799927,1799927,429038,429038,779123,779123,381153,381153,16721795,16721795,26151694,26151694,671325,671325,350085,350085,397970,397970,381153,381153
"362.fma3d","48","ixe-detail","0x483f01","n/a","n/a","ImplTaskRegion14",0.0817714,0.0817714,9037561,9037561,13187472,13187472,594869,594869,982314,982314,1503949,1503949,411493,411493,641704,641704,294088,294088,9037561,9037561,12592603,12592603,364658,364658,230211,230211,347616,347616,294088,294088
"362.fma3d","48","ixe-detail","0x48459a","n/a","n/a","ImplTaskRegion15",37.9209,37.9209,885060730,885060730,1425726698,1425726698,56112150,56112150,6438367,6438367,45187301,45187301,829484,829484,33367683,33367683,21101964,21101964,885060730,885060730,1369614548,1369614548,23573951,23573951,32538199,32538199,12265719,12265719,21101964,21101964
"362.fma3d","48","ixe-detail","0x48563b","n/a","n/a","ImplTaskRegion16",36.1028,36.1028,1887855966,1887855966,3156909612,3156909612,86344167,86344167,14650164,14650164,74920425,74920425,1019704,1019704,37163248,37163248,23528526,23528526,1887855966,1887855966,3070565445,3070565445,50200623,50200623,36143544,36143544,13634722,13634722,23528526,23528526
"362.fma3d","48","ixe-detail","0x48617b","n/a","n/a","ImplTaskRegion17",0.241339,0.241339,38573971,38573971,66518290,66518290,3255679,3255679,1293127,1293127,3027428,3027428,552405,552405,1261217,1261217,752086,752086,38573971,38573971,63262611,63262611,2546867,2546867,708812,708812,509131,509131,752086,752086
"362.fma3d","48","ixe-detail","0x46c65d","n/a","n/a","ImplTaskRegion18",0.0923877,0.0923877,8417441,8417441,11221560,11221560,602100,602100,1051368,1051368,1561793,1561793,463166,463166,736200,736200,409230,409230,8417441,8417441,10619460,10619460,329066,329066,273034,273034,326970,326970,409230,409230
"362.fma3d","48","ixe-detail","0x46c84e","n/a","n/a","ImplTaskRegion19",0.0671442,0.0671442,8788844,8788844,13345589,13345589,607849,607849,1023566,1023566,1539476,1539476,415361,415361,638376,638376,352000,352000,8788844,8788844,12737740,12737740,384834,384834,223015,223015,286376,286376,352000,352000
"362.fma3d","48","ixe-detail","0x46ce00","n/a","n/a","ImplTaskRegion20",0.293771,0.293771,25052318,25052318,47554503,47554503,2679876,2679876,1379162,1379162,2759563,2759563,607781,607781,1200947,1200947,625521,625521,25052318,25052318,44874627,44874627,2086710,2086710,593166,593166,575426,575426,625521,625521
"362.fma3d","48","ixe-detail","0x46d13f","n/a","n/a","ImplTaskRegion21",0.212946,0.212946,24257198,24257198,45145279,45145279,2570705,2570705,1326306,1326306,2628162,2628162,591797,591797,1149916,1149916,572198,572198,24257198,24257198,42574574,42574574,2012586,2012586,558119,558119,577718,577718,572198,572198
"362.fma3d","48","ixe-detail","0x46da6c","n/a","n/a","ImplTaskRegion22",12.4014,12.4014,466368893,466368893,768624356,768624356,27183345,27183345,2822413,2822413,21875771,21875771,683528,683528,15067602,15067602,9660802,9660802,466368893,466368893,741441011,741441011,12799271,12799271,14384074,14384074,5406800,5406800,9660802,9660802
"362.fma3d","48","ixe-detail","0x46dc59","n/a","n/a","ImplTaskRegion23",0.772284,0.772284,82932910,82932910,145795445,145795445,1137118,1137118,1395199,1395199,2428020,2428020,682053,682053,1368681,1368681,694942,694942,82932910,82932910,144658327,144658327,450490,450490,686628,686628,673739,673739,694942,694942
"362.fma3d","48","ixe-detail","0x4b5d25","n/a","n/a","ImplTaskRegion24",1.16971,1.16971,338350262,338350262,700494940,700494940,15525551,15525551,1903940,1903940,6879067,6879067,937662,937662,9114688,9114688,7890341,7890341,338350262,338350262,684969389,684969389,7348525,7348525,8177026,8177026,1224347,1224347,7890341,7890341
"362.fma3d","48","ixe-detail","0x4b815c","n/a","n/a","ImplTaskRegion25",0.0997548,0.0997548,18984852,18984852,29384458,29384458,1451620,1451620,1154000,1154000,2145335,2145335,489347,489347,972197,972197,570104,570104,18984852,18984852,27932838,27932838,968770,968770,482850,482850,402093,402093,570104,570104
"362.fma3d","48","ixe-detail","0x4b81b6","n/a","n/a","ImplTaskRegion26",0.0487678,0.0487678,7591412,7591412,11776110,11776110,507544,507544,824136,824136,1246789,1246789,357738,357738,578812,578812,269826,269826,7591412,7591412,11268566,11268566,286470,286470,221074,221074,308986,308986,269826,269826
"362.fma3d","48","ixe-detail","0x4b8210","n/a","n/a","ImplTaskRegion27",1.11709,1.11709,103721774,103721774,207136481,207136481,17248698,17248698,1279482,1279482,5730022,5730022,559515,559515,5182548,5182548,3488546,3488546,103721774,103721774,189887783,189887783,12625665,12625665,4623033,4623033,1694002,1694002,3488546,3488546
"362.fma3d","48","ixe-detail","0x4b826a","n/a","n/a","ImplTaskRegion28",0.0327377,0.0327377,7452524,7452524,12264824,12264824,498814,498814,805647,805647,1220316,1220316,347383,347383,559165,559165,258857,258857,7452524,7452524,11766010,11766010,287032,287032,211782,211782,300308,300308,258857,258857
"362.fma3d","48","ixe-detail","0x4b82c4","n/a","n/a","ImplTaskRegion29",0.035156,0.035156,7563373,7563373,12204305,12204305,503813,503813,791468,791468,1209141,1209141,296102,296102,499926,499926,220532,220532,7563373,7563373,11700492,11700492,299989,299989,203824,203824,279394,279394,220532,220532
"362.fma3d","48","ixe-detail","0x4b831e","n/a","n/a","ImplTaskRegion30",0.0355539,0.0355539,6894218,6894218,9652932,9652932,444823,444823,783326,783326,1168384,1168384,331009,331009,504809,504809,227537,227537,6894218,6894218,9208109,9208109,271023,271023,173800,173800,277272,277272,227537,227537
"362.fma3d","48","ixe-detail","0x4b83d0","n/a","n/a","ImplTaskRegion31",0.029412,0.029412,7555532,7555532,13728401,13728401,520216,520216,797202,797202,1219594,1219594,328978,328978,528403,528403,235767,235767,7555532,7555532,13208185,13208185,320791,320791,199425,199425,292636,292636,235767,235767
"362.fma3d","48","ixe-detail","0x4b842a","n/a","n/a","ImplTaskRegion32",0.568637,0.568637,104958030,104958030,228483395,228483395,18096027,18096027,1239983,1239983,4704878,4704878,548432,548432,3565777,3565777,2708760,2708760,104958030,104958030,210387368,210387368,15078682,15078682,3017345,3017345,857017,857017,2708760,2708760
"362.fma3d","48","ixe-detail","0x4b8484","n/a","n/a","ImplTaskRegion33",0.0620861,0.0620861,16640622,16640622,29107677,29107677,770237,770237,803372,803372,1366099,1366099,332340,332340,588239,588239,259206,259206,16640622,16640622,28337440,28337440,514338,514338,255899,255899,329033,329033,259206,259206
"362.fma3d","48","ixe-detail","0x4b84de","n/a","n/a","ImplTaskRegion34",0.0357091,0.0357091,7536718,7536718,11230019,11230019,506696,506696,794255,794255,1209984,1209984,338998,338998,562378,562378,247891,247891,7536718,7536718,10723323,10723323,283316,283316,223380,223380,314487,314487,247891,247891
"362.fma3d","48","ixe-detail","0x4b8538","n/a","n/a","ImplTaskRegion35",0.0272312,0.0272312,6876657,6876657,10375879,10375879,441599,441599,784291,784291,1164818,1164818,351632,351632,533004,533004,236853,236853,6876657,6876657,9934280,9934280,260227,260227,181372,181372,296151,296151,236853,236853
"362.fma3d","48","ixe-detail","0x4dd542","n/a","n/a","ImplTaskRegion36",0.336938,0.336938,76563168,76563168,148012952,148012952,6844226,6844226,1232328,1232328,3451496,3451496,595457,595457,3818782,3818782,3174526,3174526,76563168,76563168,141168726,141168726,3620901,3620901,3223325,3223325,644256,644256,3174526,3174526
"362.fma3d","48","ixe-detail","0x4dd671","n/a","n/a","ImplTaskRegion37",0.565004,0.565004,150917616,150917616,283118259,283118259,8502996,8502996,1254225,1254225,3753295,3753295,564316,564316,3997792,3997792,3285477,3285477,150917616,150917616,274615263,274615263,5069520,5069520,3433476,3433476,712315,712315,3285477,3285477
"362.fma3d","48","ixe-detail","0x4641d7","n/a","n/a","ImplTaskRegion38",96.8737,96.8737,15357494463,15357494463,103547830029,103547830029,1335294758,1335294758,389418367,389418367,1019503048,1019503048,4648304,4648304,299434627,299434627,213083711,213083711,15357494463,15357494463,102212535271,102212535271,1040508435,1040508435,294786323,294786323,86350916,86350916,213083711,213083711
"362.fma3d","48","ixe-detail","0x46329d","n/a","n/a","ImplTaskRegion39",0.0630448,0.0630448,23852297,23852297,43341868,43341868,2077557,2077557,1229941,1229941,2495769,2495769,527248,527248,1075937,1075937,566050,566050,23852297,23852297,41264311,41264311,1528868,1528868,548689,548689,509887,509887,566050,566050
"362.fma3d","48","ixe-detail","0x4633d3","n/a","n/a","ImplTaskRegion40",0.495661,0.495661,28346379,28346379,52962168,52962168,2805268,2805268,1966934,1966934,3419544,3419544,896991,896991,1763975,1763975,1028960,1028960,28346379,28346379,50156900,50156900,1938284,1938284,866984,866984,735015,735015,1028960,1028960
"362.fma3d","48","ixe-detail","0x4637b4","n/a","n/a","ImplTaskRegion41",0.850744,0.850744,122082213,122082213,225249030,225249030,8179815,8179815,1513725,1513725,6809318,6809318,632925,632925,2842780,2842780,1708849,1708849,122082213,122082213,217069215,217069215,5969960,5969960,2209855,2209855,1133931,1133931,1708849,1708849
"362.fma3d","48","ixe-detail","0x462178","n/a","n/a","ImplTaskRegion42",3.5484,3.5484,458648783,458648783,3569572877,3569572877,68699068,68699068,4471359,4471359,39960471,39960471,1576936,1576936,12200295,12200295,9224302,9224302,458648783,458648783,3500873809,3500873809,58075709,58075709,10623359,10623359,2975993,2975993,9224302,9224302
"362.fma3d","48","ixe-detail","0x511bc4","n/a","n/a","ImplTaskRegion43",2.22462,2.22462,563111576,563111576,1202690503,1202690503,72671230,72671230,1830827,1830827,25100282,25100282,757003,757003,18363571,18363571,16476644,16476644,563111576,563111576,1130019273,1130019273,55064662,55064662,17606568,17606568,1886927,1886927,16476644,16476644
"362.fma3d","48","ixe-detail","0x4dd7a4","n/a","n/a","ImplTaskRegion44",1.07219,1.07219,122798022,122798022,397934676,397934676,9606416,9606416,1994785,1994785,7696055,7696055,942541,942541,4373134,4373134,3380826,3380826,122798022,122798022,388328260,388328260,6175823,6175823,3430593,3430593,992308,992308,3380826,3380826
"362.fma3d","48","ixe-detail","0x4dd93c","n/a","n/a","ImplTaskRegion45",1.0159,1.0159,112302338,112302338,228225479,228225479,10737406,10737406,2113609,2113609,5914195,5914195,998219,998219,5736110,5736110,4692986,4692986,112302338,112302338,217488073,217488073,5999515,5999515,4737891,4737891,1043124,1043124,4692986,4692986
"362.fma3d","48","ixe-detail","0x4dd9dd","n/a","n/a","ImplTaskRegion46",329.162,329.162,167723590175,167723590175,396875893492,396875893492,14859021586,14859021586,506639724,506639724,4700282965,4700282965,230723624,230723624,6006884731,6006884731,5537619155,5537619155,167723590175,167723590175,382016871906,382016871906,9082860479,9082860479,5776161107,5776161107,469265576,469265576,5537619155,5537619155
"362.fma3d","48","ixe-detail","0x4e5bbd","n/a","n/a","ImplTaskRegion47",3.67407,3.67407,78360568,78360568,153650461,153650461,10696368,10696368,11062287,11062287,20423423,20423423,1054043,1054043,13876595,13876595,9266580,9266580,78360568,78360568,142954093,142954093,-2126184,-2126184,12822552,12822552,4610015,4610015,9266580,9266580
"362.fma3d","48","ixe-detail","0x4e5c42","n/a","n/a","ImplTaskRegion48",39.0817,39.0817,11519110996,11519110996,33487010515,33487010515,1169008907,1169008907,412887150,412887150,1008504549,1008504549,137635271,137635271,379105833,379105833,239859440,239859440,11519110996,11519110996,32318001608,32318001608,927538345,927538345,241470562,241470562,139246393,139246393,239859440,239859440
"362.fma3d","48","ixe-detail","0x4de059","n/a","n/a","ImplTaskRegion49",416.384,416.384,245687450315,245687450315,545738622779,545738622779,13888171602,13888171602,710289152,710289152,6044183013,6044183013,251326300,251326300,5552398239,5552398239,4942993760,4942993760,245687450315,245687450315,531850451177,531850451177,8587099663,8587099663,5301071939,5301071939,609404479,609404479,4942993760,4942993760
"362.fma3d","48","ixe-detail","0x4de187","n/a","n/a","ImplTaskRegion50",288.734,288.734,137793616505,137793616505,339052240552,339052240552,10746548015,10746548015,510835561,510835561,3486040131,3486040131,232439777,232439777,5079793060,5079793060,4418044759,4418044759,137793616505,137793616505,328305692537,328305692537,5899194732,5899194732,4847353283,4847353283,661748301,661748301,4418044759,4418044759
"362.fma3d","48","ixe-detail","0x45a009","n/a","n/a","ImplTaskRegion51",32553,32553,6349181994674,6349181994674,49282231727209,49282231727209,578683496979,578683496979,147246387348,147246387348,399187883570,399187883570,727025805,727025805,106604139761,106604139761,76740018057,76740018057,6349181994674,6349181994674,48703548230230,48703548230230,472806383023,472806383023,105877113956,105877113956,29864121704,29864121704,76740018057,76740018057
"362.fma3d","48","ixe-detail","0x4f03a7","n/a","n/a","ImplTaskRegion52",935.169,935.169,416856848041,416856848041,973641483052,973641483052,51801038877,51801038877,678366011,678366011,16897700429,16897700429,291873222,291873222,12521433371,12521433371,11525973049,11525973049,416856848041,416856848041,921840444175,921840444175,39571478728,39571478728,12229560149,12229560149,995460322,995460322,11525973049,11525973049
"App","numthreads","variant","Codeptr","Filename","Codeline","Region","Time_Exclusive","Time_Inclusive","MEM_INST_RETIRED:ALL_STORES_excl","MEM_INST_RETIRED:ALL_STORES_incl","MEM_INST_RETIRED:ALL_LOADS_excl","MEM_INST_RETIRED:ALL_LOADS_incl","L1D:REPLACEMENT_excl","L1D:REPLACEMENT_incl","L2_RQSTS:ALL_CODE_RD_excl","L2_RQSTS:ALL_CODE_RD_incl","L2_RQSTS:ALL_DEMAND_REFERENCES_excl","L2_RQSTS:ALL_DEMAND_REFERENCES_incl","L2_RQSTS:CODE_RD_MISS_excl","L2_RQSTS:CODE_RD_MISS_incl","LLC_REFERENCES_excl","LLC_REFERENCES_incl","LLC_MISSES_excl","LLC_MISSES_incl","L1D_W_A = L1D_W_H_excl","L1D_W_A = L1D_W_H_incl","L1D_R_H_excl","L1D_R_H_incl","L2D_H_excl","L2D_H_incl","L3D_A_excl","L3D_A_incl","L3_H_excl","L3_H_incl","MEM_excl","MEM_incl"
"362.fma3d","48","archer-noread","(nil)","n/a","n/a","ImplTaskRegion1",22.1428,43.4001,13848573071,21295541904,24836089397,43109687467,1188818723,1485467185,767490823,993350509,1350387955,1724830438,2339947,7537005,1213887580,1556772852,934040987,1226326896,13848573071,21295541904,23647270674,41624220282,-22728910,-63768662,1211547633,1549235847,279846593,330445956,934040987,1226326896
"362.fma3d","48","archer-noread","0x5e4e38","/rwthfs/rz/cluster/work/pj416018/jube-out/spec-out/benchspec/OMP2012/362.fma3d/build/build_base_archer-noread-profiler.0000/fma1.f90","866","ImplTaskRegion2",0.0534384,0.0534384,4028158,4028158,1540063,1540063,113527,113527,143207,143207,237109,237109,36995,36995,90136,90136,39295,39295,4028158,4028158,1426536,1426536,60386,60386,53141,53141,50841,50841,39295,39295
"362.fma3d","48","archer-noread","0x5e57a2","/rwthfs/rz/cluster/work/pj416018/jube-out/spec-out/benchspec/OMP2012/362.fma3d/build/build_base_archer-noread-profiler.0000/fma1.f90","967","ImplTaskRegion3",0.000468016,0.000468016,155545,155545,264461,264461,11745,11745,30115,30115,39612,39612,3306,3306,7160,7160,3986,3986,155545,155545,252716,252716,7891,7891,3854,3854,3174,3174,3986,3986
"362.fma3d","48","archer-noread","0x5e57c6","/rwthfs/rz/cluster/work/pj416018/jube-out/spec-out/benchspec/OMP2012/362.fma3d/build/build_base_archer-noread-profiler.0000/fma1.f90","985","ImplTaskRegion4",0.000402927,0.000402927,153124,153124,262446,262446,10252,10252,24844,24844,33173,33173,796,796,2826,2826,1600,1600,153124,153124,252194,252194,8222,8222,2030,2030,1226,1226,1600,1600
"362.fma3d","48","archer-noread","0x5e652b","/rwthfs/rz/cluster/work/pj416018/jube-out/spec-out/benchspec/OMP2012/362.fma3d/build/build_base_archer-noread-profiler.0000/fma1.f90","124","ImplTaskRegion5",0.0719962,0.0719962,392311,392311,684610,684610,29073,29073,60955,60955,80102,80102,20540,20540,37636,37636,18864,18864,392311,392311,655537,655537,11977,11977,17096,17096,18772,18772,18864,18864
"362.fma3d","48","archer-noread","0x5e67d4","/rwthfs/rz/cluster/work/pj416018/jube-out/spec-out/benchspec/OMP2012/362.fma3d/build/build_base_archer-noread-profiler.0000/fma1.f90","150","ImplTaskRegion6",0.000732422,0.000732422,207153,207153,355879,355879,17824,17824,48140,48140,61350,61350,17436,17436,26972,26972,14446,14446,207153,207153,338055,338055,8288,8288,9536,9536,12526,12526,14446,14446
"362.fma3d","48","archer-noread","0x5c6035","/rwthfs/rz/cluster/work/pj416018/jube-out/spec-out/benchspec/OMP2012/362.fma3d/build/build_base_archer-noread-profiler.0000/fma1.f90","1621","ImplTaskRegion7",0.000363827,0.000363827,152160,152160,259476,259476,10046,10046,29491,29491,37471,37471,3842,3842,5863,5863,3071,3071,152160,152160,249430,249430,8025,8025,2021,2021,2792,2792,3071,3071
"362.fma3d","48","archer-noread","0x5c6150","/rwthfs/rz/cluster/work/pj416018/jube-out/spec-out/benchspec/OMP2012/362.fma3d/build/build_base_archer-noread-profiler.0000/fma1.f90","1638","ImplTaskRegion8",0.000341654,0.000341654,152040,152040,260043,260043,9889,9889,26398,26398,34233,34233,2344,2344,3804,3804,2047,2047,152040,152040,250154,250154,8429,8429,1460,1460,1757,1757,2047,2047
"362.fma3d","48","archer-noread","0x5c65a7","/rwthfs/rz/cluster/work/pj416018/jube-out/spec-out/benchspec/OMP2012/362.fma3d/build/build_base_archer-noread-profiler.0000/fma1.f90","1694","ImplTaskRegion9",0.000447989,0.000447989,153515,153515,261931,261931,9549,9549,23975,23975,31529,31529,1327,1327,2613,2613,1420,1420,153515,153515,252382,252382,8263,8263,1286,1286,1193,1193,1420,1420
"362.fma3d","48","archer-noread","0x5c66d6","/rwthfs/rz/cluster/work/pj416018/jube-out/spec-out/benchspec/OMP2012/362.fma3d/build/build_base_archer-noread-profiler.0000/fma1.f90","1739","ImplTaskRegion10",0.000307322,0.000307322,152040,152040,259891,259891,8870,8870,22357,22357,29486,29486,614,614,2053,2053,1101,1101,152040,152040,251021,251021,7431,7431,1439,1439,952,952,1101,1101
"362.fma3d","48","archer-noread","0x5c6c38","/rwthfs/rz/cluster/work/pj416018/jube-out/spec-out/benchspec/OMP2012/362.fma3d/build/build_base_archer-noread-profiler.0000/fma1.f90","1805","ImplTaskRegion11",0.000373363,0.000373363,152315,152315,260591,260591,9459,9459,24454,24454,32092,32092,1226,1226,3287,3287,1799,1799,152315,152315,251132,251132,7398,7398,2061,2061,1488,1488,1799,1799
"362.fma3d","48","archer-noread","0x5c791a","/rwthfs/rz/cluster/work/pj416018/jube-out/spec-out/benchspec/OMP2012/362.fma3d/build/build_base_archer-noread-profiler.0000/fma1.f90","1977","ImplTaskRegion12",0.000451803,0.000451803,181182,181182,312442,312442,12675,12675,24582,24582,34294,34294,1312,1312,5358,5358,1679,1679,181182,181182,299767,299767,8629,8629,4046,4046,3679,3679,1679,1679
"362.fma3d","48","archer-noread","0x5c7a34","/rwthfs/rz/cluster/work/pj416018/jube-out/spec-out/benchspec/OMP2012/362.fma3d/build/build_base_archer-noread-profiler.0000/fma1.f90","1992","ImplTaskRegion13",0.000439405,0.000439405,152320,152320,260389,260389,14587,14587,33515,33515,45744,45744,2985,2985,5967,5967,3008,3008,152320,152320,245802,245802,11605,11605,2982,2982,2959,2959,3008,3008
"362.fma3d","48","archer-noread","0x5c7b4e","/rwthfs/rz/cluster/work/pj416018/jube-out/spec-out/benchspec/OMP2012/362.fma3d/build/build_base_archer-noread-profiler.0000/fma1.f90","2003","ImplTaskRegion14",0.000359058,0.000359058,152032,152032,259919,259919,9864,9864,24358,24358,32216,32216,880,880,1965,1965,1079,1079,152032,152032,250055,250055,8779,8779,1085,1085,886,886,1079,1079
"362.fma3d","48","archer-noread","0x5c7f88","/rwthfs/rz/cluster/work/pj416018/jube-out/spec-out/benchspec/OMP2012/362.fma3d/build/build_base_archer-noread-profiler.0000/fma1.f90","2042","ImplTaskRegion15",4.32816,4.32816,35681848,35681848,66908911,66908911,2562825,2562825,231936,231936,1625427,1625427,29441,29441,2239652,2239652,499742,499742,35681848,35681848,64346086,64346086,352614,352614,2210211,2210211,1739910,1739910,499742,499742
"362.fma3d","48","archer-noread","0x5c8954","/rwthfs/rz/cluster/work/pj416018/jube-out/spec-out/benchspec/OMP2012/362.fma3d/build/build_base_archer-noread-profiler.0000/fma1.f90","2173","ImplTaskRegion16",4.19503,4.19503,36010841,36010841,66818992,66818992,1754114,1754114,349776,349776,1718771,1718771,33518,33518,1550439,1550439,1031712,1031712,36010841,36010841,65064878,65064878,237193,237193,1516921,1516921,518727,518727,1031712,1031712
"362.fma3d","48","archer-noread","0x5c904b","/rwthfs/rz/cluster/work/pj416018/jube-out/spec-out/benchspec/OMP2012/362.fma3d/build/build_base_archer-noread-profiler.0000/fma1.f90","2251","ImplTaskRegion17",0.535515,0.535515,2157846,2157846,3984886,3984886,117781,117781,83664,83664,173435,173435,33383,33383,123245,123245,58563,58563,2157846,2157846,3867105,3867105,27919,27919,89862,89862,64682,64682,58563,58563
"362.fma3d","48","archer-noread","0x5e6c58","/rwthfs/rz/cluster/work/pj416018/jube-out/spec-out/benchspec/OMP2012/362.fma3d/build/build_base_archer-noread-profiler.0000/fma1.f90","271","ImplTaskRegion18",0.0012536,0.0012536,165962,165962,290203,290203,18463,18463,75394,75394,90715,90715,45921,45921,59456,59456,32146,32146,165962,165962,271740,271740,4928,4928,13535,13535,27310,27310,32146,32146
"362.fma3d","48","archer-noread","0x5e6d87","/rwthfs/rz/cluster/work/pj416018/jube-out/spec-out/benchspec/OMP2012/362.fma3d/build/build_base_archer-noread-profiler.0000/fma1.f90","292","ImplTaskRegion19",0.000561237,0.000561237,154646,154646,267901,267901,13436,13436,46541,46541,57615,57615,22407,22407,28752,28752,16043,16043,154646,154646,254465,254465,7091,7091,6345,6345,12709,12709,16043,16043
"362.fma3d","48","archer-noread","0x5e7117","/rwthfs/rz/cluster/work/pj416018/jube-out/spec-out/benchspec/OMP2012/362.fma3d/build/build_base_archer-noread-profiler.0000/fma1.f90","350","ImplTaskRegion20",0.332793,0.332793,1468283,1468283,2650253,2650253,79237,79237,52328,52328,120301,120301,13423,13423,75168,75168,34819,34819,1468283,1468283,2571016,2571016,17492,17492,61745,61745,40349,40349,34819,34819
"362.fma3d","48","archer-noread","0x5e7317","/rwthfs/rz/cluster/work/pj416018/jube-out/spec-out/benchspec/OMP2012/362.fma3d/build/build_base_archer-noread-profiler.0000/fma1.f90","362","ImplTaskRegion21",0.321045,0.321045,1453672,1453672,2626761,2626761,86286,86286,45346,45346,116642,116642,6922,6922,74849,74849,30259,30259,1453672,1453672,2540475,2540475,18359,18359,67927,67927,44590,44590,30259,30259
"362.fma3d","48","archer-noread","0x5e7838","/rwthfs/rz/cluster/work/pj416018/jube-out/spec-out/benchspec/OMP2012/362.fma3d/build/build_base_archer-noread-profiler.0000/fma1.f90","411","ImplTaskRegion22",2.43998,2.43998,18387404,18387404,34540617,34540617,1011088,1011088,80370,80370,872220,872220,21653,21653,875583,875583,626899,626899,18387404,18387404,33529529,33529529,157158,157158,853930,853930,248684,248684,626899,626899
"362.fma3d","48","archer-noread","0x5e7945","/rwthfs/rz/cluster/work/pj416018/jube-out/spec-out/benchspec/OMP2012/362.fma3d/build/build_base_archer-noread-profiler.0000/fma1.f90","422","ImplTaskRegion23",1.63436,1.63436,12306266,12306266,22821820,22821820,657892,657892,83254,83254,606700,606700,18290,18290,576377,576377,401696,401696,12306266,12306266,22163928,22163928,99805,99805,558087,558087,174681,174681,401696,401696
"362.fma3d","48","archer-noread","0x585c20","/rwthfs/rz/cluster/work/pj416018/jube-out/spec-out/benchspec/OMP2012/362.fma3d/build/build_base_archer-noread-profiler.0000/fma1.f90","9313","ImplTaskRegion24",0.0803535,0.0803535,30547029,30547029,57543079,57543079,3295220,3295220,50396,50396,1162623,1162623,32843,32843,3321231,3321231,2677270,2677270,30547029,30547029,54247859,54247859,6832,6832,3288388,3288388,643961,643961,2677270,2677270
"362.fma3d","48","archer-noread","0x591595","/rwthfs/rz/cluster/work/pj416018/jube-out/spec-out/benchspec/OMP2012/362.fma3d/build/build_base_archer-noread-profiler.0000/fma1.f90","9461","ImplTaskRegion25",0.00623751,0.00623751,768554,768554,1487791,1487791,216047,216047,45290,45290,165827,165827,23545,23545,378715,378715,362629,362629,768554,768554,1271744,1271744,-139123,-139123,355170,355170,16086,16086,362629,362629
"362.fma3d","48","archer-noread","0x5915d1","/rwthfs/rz/cluster/work/pj416018/jube-out/spec-out/benchspec/OMP2012/362.fma3d/build/build_base_archer-noread-profiler.0000/fma1.f90","9471","ImplTaskRegion26",0.000475168,0.000475168,152071,152071,259902,259902,9460,9460,24193,24193,31654,31654,4162,4162,5662,5662,3080,3080,152071,152071,250442,250442,7960,7960,1500,1500,2582,2582,3080,3080
"362.fma3d","48","archer-noread","0x59160d","/rwthfs/rz/cluster/work/pj416018/jube-out/spec-out/benchspec/OMP2012/362.fma3d/build/build_base_archer-noread-profiler.0000/fma1.f90","9478","ImplTaskRegion27",0.0250919,0.0250919,5695163,5695163,11553443,11553443,779735,779735,33620,33620,529236,529236,9977,9977,853536,853536,745833,745833,5695163,5695163,10773708,10773708,-63824,-63824,843559,843559,107703,107703,745833,745833
"362.fma3d","48","archer-noread","0x591649","/rwthfs/rz/cluster/work/pj416018/jube-out/spec-out/benchspec/OMP2012/362.fma3d/build/build_base_archer-noread-profiler.0000/fma1.f90","9483","ImplTaskRegion28",0.000449181,0.000449181,151955,151955,259606,259606,9056,9056,21643,21643,28863,28863,3802,3802,5572,5572,2997,2997,151955,151955,250550,250550,7286,7286,1770,1770,2575,2575,2997,2997
"362.fma3d","48","archer-noread","0x591685","/rwthfs/rz/cluster/work/pj416018/jube-out/spec-out/benchspec/OMP2012/362.fma3d/build/build_base_archer-noread-profiler.0000/fma1.f90","9487","ImplTaskRegion29",0.000407219,0.000407219,151908,151908,259609,259609,8386,8386,20769,20769,27539,27539,446,446,1822,1822,1154,1154,151908,151908,251223,251223,7010,7010,1376,1376,668,668,1154,1154
"362.fma3d","48","archer-noread","0x5916bf","/rwthfs/rz/cluster/work/pj416018/jube-out/spec-out/benchspec/OMP2012/362.fma3d/build/build_base_archer-noread-profiler.0000/fma1.f90","9494","ImplTaskRegion30",0.000352383,0.000352383,152206,152206,260094,260094,9043,9043,22820,22820,30177,30177,1022,1022,3225,3225,1988,1988,152206,152206,251051,251051,6840,6840,2203,2203,1237,1237,1988,1988
"362.fma3d","48","archer-noread","0x591823","/rwthfs/rz/cluster/work/pj416018/jube-out/spec-out/benchspec/OMP2012/362.fma3d/build/build_base_archer-noread-profiler.0000/fma1.f90","9533","ImplTaskRegion31",0.000404596,0.000404596,151868,151868,259602,259602,9468,9468,22127,22127,29652,29652,2450,2450,4485,4485,2604,2604,151868,151868,250134,250134,7433,7433,2035,2035,1881,1881,2604,2604
"362.fma3d","48","archer-noread","0x59185d","/rwthfs/rz/cluster/work/pj416018/jube-out/spec-out/benchspec/OMP2012/362.fma3d/build/build_base_archer-noread-profiler.0000/fma1.f90","9540","ImplTaskRegion32",0.0328479,0.0328479,7431551,7431551,16735446,16735446,973699,973699,34599,34599,453263,453263,15732,15732,1465086,1465086,1197819,1197819,7431551,7431551,15761747,15761747,-475655,-475655,1449354,1449354,267267,267267,1197819,1197819
"362.fma3d","48","archer-noread","0x591897","/rwthfs/rz/cluster/work/pj416018/jube-out/spec-out/benchspec/OMP2012/362.fma3d/build/build_base_archer-noread-profiler.0000/fma1.f90","9548","ImplTaskRegion33",0.000767946,0.000767946,154719,154719,263163,263163,10995,10995,24505,24505,33115,33115,8463,8463,10852,10852,5683,5683,154719,154719,252168,252168,8606,8606,2389,2389,5169,5169,5683,5683
"362.fma3d","48","archer-noread","0x5918d3","/rwthfs/rz/cluster/work/pj416018/jube-out/spec-out/benchspec/OMP2012/362.fma3d/build/build_base_archer-noread-profiler.0000/fma1.f90","9555","ImplTaskRegion34",0.000509739,0.000509739,151958,151958,259658,259658,8781,8781,20760,20760,27811,27811,980,980,2329,2329,1274,1274,151958,151958,250877,250877,7432,7432,1349,1349,1055,1055,1274,1274
"362.fma3d","48","archer-noread","0x59190f","/rwthfs/rz/cluster/work/pj416018/jube-out/spec-out/benchspec/OMP2012/362.fma3d/build/build_base_archer-noread-profiler.0000/fma1.f90","9562","ImplTaskRegion35",0.000455141,0.000455141,151908,151908,259607,259607,11505,11505,22925,22925,32494,32494,1463,1463,4999,4999,2757,2757,151908,151908,248102,248102,7969,7969,3536,3536,2242,2242,2757,2757
"362.fma3d","48","archer-noread","0x66dfe0","/rwthfs/rz/cluster/work/pj416018/jube-out/spec-out/benchspec/OMP2012/362.fma3d/build/build_base_archer-noread-profiler.0000/fma2.f90","137","ImplTaskRegion36",0.0187061,0.0187061,3826670,3826670,7169394,7169394,803230,803230,38981,38981,428569,428569,16824,16824,982758,982758,742471,742471,3826670,3826670,6366164,6366164,-162704,-162704,965934,965934,240287,240287,742471,742471
"362.fma3d","48","archer-noread","0x66e233","/rwthfs/rz/cluster/work/pj416018/jube-out/spec-out/benchspec/OMP2012/362.fma3d/build/build_base_archer-noread-profiler.0000/fma2.f90","178","ImplTaskRegion37",0.0144649,0.0144649,7504263,7504263,13906462,13906462,808354,808354,37579,37579,317376,317376,20980,20980,822299,822299,805097,805097,7504263,7504263,13098108,13098108,7035,7035,801319,801319,17202,17202,805097,805097
"362.fma3d","48","archer-noread","0x54ee62","/rwthfs/rz/cluster/work/pj416018/jube-out/spec-out/benchspec/OMP2012/362.fma3d/build/build_base_archer-noread-profiler.0000/platq.f90","172","ImplTaskRegion38",1.02284,1.02284,703979250,703979250,1698178014,1698178014,18006516,18006516,15374549,15374549,25452789,25452789,211427,211427,13750958,13750958,11686868,11686868,703979250,703979250,1680171498,1680171498,4466985,4466985,13539531,13539531,2064090,2064090,11686868,11686868
"362.fma3d","48","archer-noread","0x54ddc8","/rwthfs/rz/cluster/work/pj416018/jube-out/spec-out/benchspec/OMP2012/362.fma3d/build/build_base_archer-noread-profiler.0000/platq.f90","541","ImplTaskRegion39",0.38718,0.38718,1376597,1376597,2534850,2534850,63018,63018,41432,41432,90605,90605,7885,7885,54826,54826,19689,19689,1376597,1376597,2471832,2471832,16077,16077,46941,46941,35137,35137,19689,19689
"362.fma3d","48","archer-noread","0x54e0e2","/rwthfs/rz/cluster/work/pj416018/jube-out/spec-out/benchspec/OMP2012/362.fma3d/build/build_base_archer-noread-profiler.0000/platq.f90","570","ImplTaskRegion40",0.00353527,0.00353527,1380471,1380471,3453951,3453951,93354,93354,33264,33264,69585,69585,6772,6772,88387,88387,53050,53050,1380471,1380471,3360597,3360597,11739,11739,81615,81615,35337,35337,53050,53050
"362.fma3d","48","archer-noread","0x54e43c","/rwthfs/rz/cluster/work/pj416018/jube-out/spec-out/benchspec/OMP2012/362.fma3d/build/build_base_archer-noread-profiler.0000/platq.f90","585","ImplTaskRegion41",0.832152,0.832152,11351377,11351377,21077828,21077828,494195,494195,85936,85936,507365,507365,27890,27890,460790,460790,126005,126005,11351377,11351377,20583633,20583633,61295,61295,432900,432900,334785,334785,126005,126005
"362.fma3d","48","archer-noread","0x54ecf1","/rwthfs/rz/cluster/work/pj416018/jube-out/spec-out/benchspec/OMP2012/362.fma3d/build/build_base_archer-noread-profiler.0000/platq.f90","599","ImplTaskRegion42",0.109065,0.109065,31898425,31898425,89136745,89136745,2932950,2932950,90808,90808,1918533,1918533,60972,60972,4062032,4062032,3117047,3117047,31898425,31898425,86203795,86203795,-1068110,-1068110,4001060,4001060,944985,944985,3117047,3117047
"362.fma3d","48","archer-noread","0x62ef2e","/rwthfs/rz/cluster/work/pj416018/jube-out/spec-out/benchspec/OMP2012/362.fma3d/build/build_base_archer-noread-profiler.0000/fma2.f90","4202","ImplTaskRegion43",181.901,181.901,27333645891,27333645891,65185634400,65185634400,4109940916,4109940916,30282867,30282867,2118636935,2118636935,20873376,20873376,7056285434,7056285434,6551120785,6551120785,27333645891,27333645891,61075693484,61075693484,-2925471142,-2925471142,7035412058,7035412058,505164649,505164649,6551120785,6551120785
"362.fma3d","48","archer-noread","0x66e438","/rwthfs/rz/cluster/work/pj416018/jube-out/spec-out/benchspec/OMP2012/362.fma3d/build/build_base_archer-noread-profiler.0000/fma2.f90","254","ImplTaskRegion44",0.0200691,0.0200691,6059556,6059556,15617088,15617088,668380,668380,41263,41263,203065,203065,24547,24547,1011308,1011308,883162,883162,6059556,6059556,14948708,14948708,-318381,-318381,986761,986761,128146,128146,883162,883162
"362.fma3d","48","archer-noread","0x66e65b","/rwthfs/rz/cluster/work/pj416018/jube-out/spec-out/benchspec/OMP2012/362.fma3d/build/build_base_archer-noread-profiler.0000/fma2.f90","307","ImplTaskRegion45",0.0412321,0.0412321,6111923,6111923,14674759,14674759,1413789,1413789,43671,43671,375016,375016,31477,31477,2257693,2257693,1860127,1860127,6111923,6111923,13260970,13260970,-812427,-812427,2226216,2226216,397566,397566,1860127,1860127
"362.fma3d","48","archer-noread","0x66e759","/rwthfs/rz/cluster/work/pj416018/jube-out/spec-out/benchspec/OMP2012/362.fma3d/build/build_base_archer-noread-profiler.0000/fma2.f90","338","ImplTaskRegion46",48.0858,48.0858,10267120258,10267120258,22126380357,22126380357,1646131804,1646131804,24052099,24052099,713603575,713603575,18515882,18515882,2219775681,2219775681,2153068672,2153068672,10267120258,10267120258,20480248553,20480248553,-555127995,-555127995,2201259799,2201259799,66707009,66707009,2153068672,2153068672
"362.fma3d","48","archer-noread","0x663a1c","/rwthfs/rz/cluster/work/pj416018/jube-out/spec-out/benchspec/OMP2012/362.fma3d/build/build_base_archer-noread-profiler.0000/fma2.f90","5279","ImplTaskRegion47",0.000962973,0.000962973,193675,193675,378621,378621,15231,15231,25256,25256,35398,35398,10262,10262,19984,19984,11305,11305,193675,193675,363390,363390,5509,5509,9722,9722,8679,8679,11305,11305
"362.fma3d","48","archer-noread","0x663a61","/rwthfs/rz/cluster/work/pj416018/jube-out/spec-out/benchspec/OMP2012/362.fma3d/build/build_base_archer-noread-profiler.0000/fma2.f90","5541","ImplTaskRegion48",1.37153,1.37153,511184142,511184142,1165865576,1165865576,40187224,40187224,15224653,15224653,40768647,40768647,5446200,5446200,46632668,46632668,32132968,32132968,511184142,511184142,1125678352,1125678352,-999244,-999244,41186468,41186468,14499700,14499700,32132968,32132968
"362.fma3d","48","archer-noread","0x66e840","/rwthfs/rz/cluster/work/pj416018/jube-out/spec-out/benchspec/OMP2012/362.fma3d/build/build_base_archer-noread-profiler.0000/fma2.f90","459","ImplTaskRegion49",39.7583,39.7583,19047785486,19047785486,42672787871,42672787871,1378263206,1378263206,36056154,36056154,673230293,673230293,22059012,22059012,1591170491,1591170491,1400868612,1400868612,19047785486,19047785486,41294524665,41294524665,-190848273,-190848273,1569111479,1569111479,190301879,190301879,1400868612,1400868612
"362.fma3d","48","archer-noread","0x66e9c0","/rwthfs/rz/cluster/work/pj416018/jube-out/spec-out/benchspec/OMP2012/362.fma3d/build/build_base_archer-noread-profiler.0000/fma2.f90","569","ImplTaskRegion50",21.1908,21.1908,8608790173,8608790173,14854626619,14854626619,998619433,998619433,24225201,24225201,276537522,276537522,16359522,16359522,1175566974,1175566974,853144415,853144415,8608790173,8608790173,13856007186,13856007186,-160588019,-160588019,1159207452,1159207452,322422559,322422559,853144415,853144415
"362.fma3d","48","archer-noread","0x54ef6d","/rwthfs/rz/cluster/work/pj416018/jube-out/spec-out/benchspec/OMP2012/362.fma3d/build/build_base_archer-noread-profiler.0000/platq.f90","386","ImplTaskRegion51",425.747,425.747,286145218194,286145218194,685852541069,685852541069,7196238013,7196238013,10837233520,10837233520,15005849687,15005849687,86951276,86951276,5501702088,5501702088,4840990817,4840990817,286145218194,286145218194,678656303056,678656303056,1781487201,1781487201,5414750812,5414750812,660711271,660711271,4840990817,4840990817
