"App","numthreads","variant","Codeptr","Filename","Codeline","Region","Time_Exclusive","Time_Inclusive","MEM_INST_RETIRED:ALL_STORES_excl","MEM_INST_RETIRED:ALL_STORES_incl","MEM_INST_RETIRED:ALL_LOADS_excl","MEM_INST_RETIRED:ALL_LOADS_incl","L1D:REPLACEMENT_excl","L1D:REPLACEMENT_incl","L2_RQSTS:ALL_CODE_RD_excl","L2_RQSTS:ALL_CODE_RD_incl","L2_RQSTS:ALL_DEMAND_REFERENCES_excl","L2_RQSTS:ALL_DEMAND_REFERENCES_incl","L2_RQSTS:CODE_RD_MISS_excl","L2_RQSTS:CODE_RD_MISS_incl","LLC_REFERENCES_excl","LLC_REFERENCES_incl","LLC_MISSES_excl","LLC_MISSES_incl","L1D_W_A = L1D_W_H_excl","L1D_W_A = L1D_W_H_incl","L1D_R_H_excl","L1D_R_H_incl","L2D_H_excl","L2D_H_incl","L3D_A_excl","L3D_A_incl","L3_H_excl","L3_H_incl","MEM_excl","MEM_incl"
"362.fma3d","24","ixe-base","(nil)","n/a","n/a","ImplTaskRegion1",135.071,198.701,124619729533,168581486074,203646066870,256540093306,14418549988,16768896011,16651931049,20938657086,25479466106,30652337553,864974134,953324535,2334699711,2872428651,454611159,672358138,124619729533,168581486074,189227516882,239771197295,12948824411,14849791895,1469725577,1919104116,1880088552,2200070513,454611159,672358138
"362.fma3d","24","ixe-base","0x4b4546","n/a","n/a","ImplTaskRegion2",5.56542,5.56542,2090376170,2090376170,3941019001,3941019001,48335527,48335527,38396173,38396173,72784746,72784746,8827620,8827620,18549841,18549841,12559805,12559805,2090376170,2090376170,3892683474,3892683474,38613306,38613306,9722221,9722221,5990036,5990036,12559805,12559805
"362.fma3d","24","ixe-base","0x4b4b04","n/a","n/a","ImplTaskRegion3",0.400095,0.400095,162209808,162209808,183133311,183133311,6174235,6174235,4665190,4665190,9028135,9028135,1174441,1174441,2347248,2347248,1564122,1564122,162209808,162209808,176959076,176959076,5001428,5001428,1172807,1172807,783126,783126,1564122,1564122
"362.fma3d","24","ixe-base","0x4b4b5f","n/a","n/a","ImplTaskRegion4",0.30801,0.30801,34444531,34444531,38866308,38866308,1312670,1312670,1081282,1081282,2007668,2007668,371579,371579,672257,672257,389358,389358,34444531,34444531,37553638,37553638,1011992,1011992,300678,300678,282899,282899,389358,389358
"362.fma3d","24","ixe-base","0x46bc23","n/a","n/a","ImplTaskRegion5",0.229635,0.229635,15581630,15581630,20420844,20420844,995647,995647,1537543,1537543,2418386,2418386,509356,509356,797096,797096,404256,404256,15581630,15581630,19425197,19425197,707907,707907,287740,287740,392840,392840,404256,404256
"362.fma3d","24","ixe-base","0x46c056","n/a","n/a","ImplTaskRegion6",0.291808,0.291808,24713802,24713802,34041624,34041624,1753430,1753430,2672807,2672807,4260245,4260245,795641,795641,1287302,1287302,560738,560738,24713802,24713802,32288194,32288194,1261769,1261769,491661,491661,726564,726564,560738,560738
"362.fma3d","24","ixe-base","0x480f01","n/a","n/a","ImplTaskRegion7",0.14639,0.14639,4913995,4913995,38436915,38436915,391205,391205,691160,691160,1035341,1035341,281587,281587,444154,444154,196403,196403,4913995,4913995,38045710,38045710,228638,228638,162567,162567,247751,247751,196403,196403
"362.fma3d","24","ixe-base","0x4810f4","n/a","n/a","ImplTaskRegion8",0.1632,0.1632,5344008,5344008,7277185,7277185,411604,411604,731375,731375,1094249,1094249,302717,302717,452199,452199,189758,189758,5344008,5344008,6865581,6865581,262122,262122,149482,149482,262441,262441,189758,189758
"362.fma3d","24","ixe-base","0x481858","n/a","n/a","ImplTaskRegion9",0.17919,0.17919,9379075,9379075,11813877,11813877,536643,536643,774622,774622,1226948,1226948,309306,309306,488070,488070,215309,215309,9379075,9379075,11277234,11277234,357879,357879,178764,178764,272761,272761,215309,215309
"362.fma3d","24","ixe-base","0x481c10","n/a","n/a","ImplTaskRegion10",0.0980794,0.0980794,6139906,6139906,8323189,8323189,458153,458153,792287,792287,1196638,1196638,296946,296946,459734,459734,206248,206248,6139906,6139906,7865036,7865036,295365,295365,162788,162788,253486,253486,206248,206248
"362.fma3d","24","ixe-base","0x48253e","n/a","n/a","ImplTaskRegion11",0.0809448,0.0809448,5761823,5761823,7722038,7722038,367149,367149,599131,599131,908982,908982,243655,243655,374885,374885,172749,172749,5761823,5761823,7354889,7354889,235919,235919,131230,131230,202136,202136,172749,172749
"362.fma3d","24","ixe-base","0x483b4f","n/a","n/a","ImplTaskRegion12",0.205619,0.205619,7013642,7013642,9457826,9457826,510432,510432,826853,826853,1255937,1255937,341381,341381,520782,520782,241280,241280,7013642,7013642,8947394,8947394,331031,331031,179401,179401,279502,279502,241280,241280
"362.fma3d","24","ixe-base","0x483d28","n/a","n/a","ImplTaskRegion13",0.131667,0.131667,4461124,4461124,5898381,5898381,352543,352543,645040,645040,956060,956060,279286,279286,423642,423642,201837,201837,4461124,4461124,5545838,5545838,208187,208187,144356,144356,221805,221805,201837,201837
"362.fma3d","24","ixe-base","0x483f01","n/a","n/a","ImplTaskRegion14",0.127847,0.127847,4505558,4505558,5997648,5997648,358830,358830,656577,656577,969064,969064,301983,301983,444416,444416,189923,189923,4505558,4505558,5638818,5638818,216397,216397,142433,142433,254493,254493,189923,189923
"362.fma3d","24","ixe-base","0x48459a","n/a","n/a","ImplTaskRegion15",1.08263,1.08263,84409998,84409998,98593003,98593003,9715699,9715699,1405204,1405204,5027283,5027283,408803,408803,4658993,4658993,2555411,2555411,84409998,84409998,88877304,88877304,5465509,5465509,4250190,4250190,2103582,2103582,2555411,2555411
"362.fma3d","24","ixe-base","0x48563b","n/a","n/a","ImplTaskRegion16",0.724218,0.724218,55182956,55182956,72028600,72028600,5794510,5794510,1078349,1078349,3403708,3403708,440135,440135,3077942,3077942,1598632,1598632,55182956,55182956,66234090,66234090,3156703,3156703,2637807,2637807,1479310,1479310,1598632,1598632
"362.fma3d","24","ixe-base","0x48617b","n/a","n/a","ImplTaskRegion17",0.179938,0.179938,8979895,8979895,10463233,10463233,477300,477300,788738,788738,1211442,1211442,336899,336899,514692,514692,253557,253557,8979895,8979895,9985933,9985933,299507,299507,177793,177793,261135,261135,253557,253557
"362.fma3d","24","ixe-base","0x46c65d","n/a","n/a","ImplTaskRegion18",0.304304,0.304304,6966040,6966040,9383125,9383125,549085,549085,1026785,1026785,1513638,1513638,404105,404105,603996,603996,311026,311026,6966040,6966040,8834040,8834040,349194,349194,199891,199891,292970,292970,311026,311026
"362.fma3d","24","ixe-base","0x46c84e","n/a","n/a","ImplTaskRegion19",0.171758,0.171758,4469324,4469324,5923304,5923304,354857,354857,699270,699270,1011618,1011618,282045,282045,405642,405642,193016,193016,4469324,4469324,5568447,5568447,231260,231260,123597,123597,212626,212626,193016,193016
"362.fma3d","24","ixe-base","0x46ce00","n/a","n/a","ImplTaskRegion20",0.193997,0.193997,7315992,7315992,9715452,9715452,514872,514872,951973,951973,1407703,1407703,392655,392655,582357,582357,243363,243363,7315992,7315992,9200580,9200580,325170,325170,189702,189702,338994,338994,243363,243363
"362.fma3d","24","ixe-base","0x46d13f","n/a","n/a","ImplTaskRegion21",0.23027,0.23027,7181327,7181327,9552357,9552357,509378,509378,947346,947346,1398105,1398105,401378,401378,590391,590391,236394,236394,7181327,7181327,9042979,9042979,320365,320365,189013,189013,353997,353997,236394,236394
"362.fma3d","24","ixe-base","0x46da6c","n/a","n/a","ImplTaskRegion22",0.614381,0.614381,45984200,45984200,58483491,58483491,6017510,6017510,951910,951910,3014038,3014038,369615,369615,2747034,2747034,1345557,1345557,45984200,45984200,52465981,52465981,3640091,3640091,2377419,2377419,1401477,1401477,1345557,1345557
"362.fma3d","24","ixe-base","0x46dc59","n/a","n/a","ImplTaskRegion23",0.507613,0.507613,270349765,270349765,444947903,444947903,710687,710687,828832,828832,1489284,1489284,376913,376913,932238,932238,373834,373834,270349765,270349765,444237216,444237216,155362,155362,555325,555325,558404,558404,373834,373834
"362.fma3d","24","ixe-base","0x4b5d25","n/a","n/a","ImplTaskRegion24",0.607818,0.607818,293059305,293059305,478986995,478986995,4481176,4481176,1354160,1354160,3092278,3092278,581911,581911,1918292,1918292,1118617,1118617,293059305,293059305,474505819,474505819,3144795,3144795,1336381,1336381,799675,799675,1118617,1118617
"362.fma3d","24","ixe-base","0x4b815c","n/a","n/a","ImplTaskRegion25",0.195626,0.195626,7298844,7298844,9540655,9540655,530072,530072,772435,772435,1240922,1240922,310051,310051,564573,564573,292156,292156,7298844,7298844,9010583,9010583,275550,275550,254522,254522,272417,272417,292156,292156
"362.fma3d","24","ixe-base","0x4b81b6","n/a","n/a","ImplTaskRegion26",0.0845377,0.0845377,6146645,6146645,7495553,7495553,323500,323500,492758,492758,754031,754031,193539,193539,301285,301285,132822,132822,6146645,6146645,7172053,7172053,215754,215754,107746,107746,168463,168463,132822,132822
"362.fma3d","24","ixe-base","0x4b8210","n/a","n/a","ImplTaskRegion27",0.171335,0.171335,13561619,13561619,14040491,14040491,716801,716801,688955,688955,1237879,1237879,295648,295648,895346,895346,597906,597906,13561619,13561619,13323690,13323690,117103,117103,599698,599698,297440,297440,597906,597906
"362.fma3d","24","ixe-base","0x4b826a","n/a","n/a","ImplTaskRegion28",0.0770144,0.0770144,3709319,3709319,4974483,4974483,260287,260287,484740,484740,702580,702580,193076,193076,287272,287272,146176,146176,3709319,3709319,4714196,4714196,166091,166091,94196,94196,141096,141096,146176,146176
"362.fma3d","24","ixe-base","0x4b82c4","n/a","n/a","ImplTaskRegion29",0.0238547,0.0238547,3573225,3573225,4717527,4717527,238666,238666,443826,443826,647804,647804,157020,157020,238474,238474,85282,85282,3573225,3573225,4478861,4478861,157212,157212,81454,81454,153192,153192,85282,85282
"362.fma3d","24","ixe-base","0x4b831e","n/a","n/a","ImplTaskRegion30",0.0797489,0.0797489,3397790,3397790,4437900,4437900,238924,238924,479002,479002,693097,693097,196222,196222,286790,286790,105495,105495,3397790,3397790,4198976,4198976,148356,148356,90568,90568,181295,181295,105495,105495
"362.fma3d","24","ixe-base","0x4b83d0","n/a","n/a","ImplTaskRegion31",0.0841801,0.0841801,4493039,4493039,5877951,5877951,309084,309084,516472,516472,764439,764439,224573,224573,342474,342474,150106,150106,4493039,4493039,5568867,5568867,191183,191183,117901,117901,192368,192368,150106,150106
"362.fma3d","24","ixe-base","0x4b842a","n/a","n/a","ImplTaskRegion32",0.232321,0.232321,20916386,20916386,35544419,35544419,4720454,4720454,790852,790852,2029926,2029926,330981,330981,1495349,1495349,956283,956283,20916386,20916386,30823965,30823965,3556086,3556086,1164368,1164368,539066,539066,956283,956283
"362.fma3d","24","ixe-base","0x4b8484","n/a","n/a","ImplTaskRegion33",0.0702875,0.0702875,3834057,3834057,5157690,5157690,268719,268719,494043,494043,717326,717326,192454,192454,286688,286688,130182,130182,3834057,3834057,4888971,4888971,174485,174485,94234,94234,156506,156506,130182,130182
"362.fma3d","24","ixe-base","0x4b84de","n/a","n/a","ImplTaskRegion34",0.0733044,0.0733044,3439087,3439087,4497256,4497256,241723,241723,483635,483635,698269,698269,201129,201129,297218,297218,111150,111150,3439087,3439087,4255533,4255533,145634,145634,96089,96089,186068,186068,111150,111150
"362.fma3d","24","ixe-base","0x4b8538","n/a","n/a","ImplTaskRegion35",0.0832093,0.0832093,3432596,3432596,4482989,4482989,243070,243070,475569,475569,692761,692761,195426,195426,285467,285467,104240,104240,3432596,3432596,4239919,4239919,153029,153029,90041,90041,181227,181227,104240,104240
"362.fma3d","24","ixe-base","0x4dd542","n/a","n/a","ImplTaskRegion36",0.195897,0.195897,12071142,12071142,14495470,14495470,659767,659767,829954,829954,1426740,1426740,362396,362396,731132,731132,380779,380779,12071142,12071142,13835703,13835703,291031,291031,368736,368736,350353,350353,380779,380779
"362.fma3d","24","ixe-base","0x4dd671","n/a","n/a","ImplTaskRegion37",0.207064,0.207064,20375339,20375339,28857959,28857959,2658109,2658109,767517,767517,1544961,1544961,358337,358337,948163,948163,481594,481594,20375339,20375339,26199850,26199850,2068283,2068283,589826,589826,466569,466569,481594,481594
"362.fma3d","24","ixe-base","0x4641d7","n/a","n/a","ImplTaskRegion38",7.20734,7.20734,2046366690,2046366690,2097338116,2097338116,66872929,66872929,245507396,245507396,297372677,297372677,3092974,3092974,29155496,29155496,15339543,15339543,2046366690,2046366690,2030465187,2030465187,40810407,40810407,26062522,26062522,13815953,13815953,15339543,15339543
"362.fma3d","24","ixe-base","0x46329d","n/a","n/a","ImplTaskRegion39",0.0823789,0.0823789,6066248,6066248,7837503,7837503,420478,420478,693468,693468,1055013,1055013,277170,277170,431909,431909,193678,193678,6066248,6066248,7417025,7417025,265739,265739,154739,154739,238231,238231,193678,193678
"362.fma3d","24","ixe-base","0x4633d3","n/a","n/a","ImplTaskRegion40",0.358895,0.358895,10861743,10861743,14788293,14788293,771802,771802,1349885,1349885,2039815,2039815,541020,541020,850633,850633,371539,371539,10861743,10861743,14016491,14016491,462189,462189,309613,309613,479094,479094,371539,371539
"362.fma3d","24","ixe-base","0x4637b4","n/a","n/a","ImplTaskRegion41",0.304622,0.304622,26656541,26656541,36432869,36432869,1232702,1232702,986246,986246,1992722,1992722,428501,428501,940894,940894,409199,409199,26656541,26656541,35200167,35200167,720309,720309,512393,512393,531695,531695,409199,409199
"362.fma3d","24","ixe-base","0x462178","n/a","n/a","ImplTaskRegion42",1.21264,1.21264,109119380,109119380,179426417,179426417,22685183,22685183,2556659,2556659,13610597,13610597,906723,906723,5083758,5083758,3390266,3390266,109119380,109119380,156741234,156741234,18508148,18508148,4177035,4177035,1693492,1693492,3390266,3390266
"362.fma3d","24","ixe-base","0x511bc4","n/a","n/a","ImplTaskRegion43",0.670424,0.670424,89522182,89522182,197199671,197199671,27036536,27036536,1212932,1212932,7687162,7687162,464136,464136,4860440,4860440,3129148,3129148,89522182,89522182,170163135,170163135,22640232,22640232,4396304,4396304,1731292,1731292,3129148,3129148
"362.fma3d","24","ixe-base","0x4dd7a4","n/a","n/a","ImplTaskRegion44",0.386589,0.386589,26492422,26492422,37193954,37193954,3210472,3210472,1317984,1317984,3763963,3763963,573089,573089,1284811,1284811,701115,701115,26492422,26492422,33983482,33983482,2498750,2498750,711722,711722,583696,583696,701115,701115
"362.fma3d","24","ixe-base","0x4dd93c","n/a","n/a","ImplTaskRegion45",0.545526,0.545526,22563649,22563649,29800464,29800464,2090920,2090920,1508434,1508434,2734092,2734092,577317,577317,1503956,1503956,887752,887752,22563649,22563649,27709544,27709544,1164281,1164281,926639,926639,616204,616204,887752,887752
"362.fma3d","24","ixe-base","0x4dd9dd","n/a","n/a","ImplTaskRegion46",30.6071,30.6071,16612571615,16612571615,28007621368,28007621368,3127091807,3127091807,171275080,171275080,718204936,718204936,84561173,84561173,664298818,664298818,522698336,522698336,16612571615,16612571615,24880529561,24880529561,2547354162,2547354162,579737645,579737645,141600482,141600482,522698336,522698336
"362.fma3d","24","ixe-base","0x4e5bbd","n/a","n/a","ImplTaskRegion47",0.723842,0.723842,21528955,21528955,29801958,29801958,1525947,1525947,2409713,2409713,3760178,3760178,804933,804933,1309255,1309255,658443,658443,21528955,21528955,28276011,28276011,1021625,1021625,504322,504322,650812,650812,658443,658443
"362.fma3d","24","ixe-base","0x4e5c42","n/a","n/a","ImplTaskRegion48",4.72506,4.72506,2118591372,2118591372,2511642384,2511642384,119471398,119471398,168255257,168255257,252116638,252116638,54057531,54057531,94998225,94998225,47051955,47051955,2118591372,2118591372,2392170986,2392170986,78530704,78530704,40940694,40940694,47946270,47946270,47051955,47051955
"362.fma3d","24","ixe-base","0x4de059","n/a","n/a","ImplTaskRegion49",36.767,36.767,26203485040,26203485040,39758187711,39758187711,2938426208,2938426208,248729874,248729874,666047331,666047331,80378350,80378350,609414523,609414523,453307697,453307697,26203485040,26203485040,36819761503,36819761503,2409390035,2409390035,529036173,529036173,156106826,156106826,453307697,453307697
"362.fma3d","24","ixe-base","0x4de187","n/a","n/a","ImplTaskRegion50",32.1633,32.1633,16905027334,16905027334,31594456536,31594456536,3552222071,3552222071,173491481,173491481,557528775,557528775,78491284,78491284,460360183,460360183,280362578,280362578,16905027334,16905027334,28042234465,28042234465,3170353172,3170353172,381868899,381868899,179997605,179997605,280362578,280362578
"362.fma3d","24","ixe-base","0x45a009","n/a","n/a","ImplTaskRegion51",760.214,760.214,784449173880,784449173880,778289654353,778289654353,16394793072,16394793072,97131727559,97131727559,108744106460,108744106460,188636667,188636667,2998287577,2998287577,2121998293,2121998293,784449173880,784449173880,761894861281,761894861281,13585142162,13585142162,2809650910,2809650910,876289284,876289284,2121998293,2121998293
"362.fma3d","24","ixe-base","0x4f03a7","n/a","n/a","ImplTaskRegion52",131.557,131.557,52377500412,52377500412,120875793386,120875793386,18514012140,18514012140,190344696,190344696,2719932436,2719932436,93784422,93784422,2025740652,2025740652,1449886326,1449886326,52377500412,52377500412,102361781246,102361781246,16582055910,16582055910,1931956230,1931956230,575854326,575854326,1449886326,1449886326
"App","numthreads","variant","Codeptr","Filename","Codeline","Region","Time_Exclusive","Time_Inclusive","MEM_INST_RETIRED:ALL_STORES_excl","MEM_INST_RETIRED:ALL_STORES_incl","MEM_INST_RETIRED:ALL_LOADS_excl","MEM_INST_RETIRED:ALL_LOADS_incl","L1D:REPLACEMENT_excl","L1D:REPLACEMENT_incl","L2_RQSTS:ALL_CODE_RD_excl","L2_RQSTS:ALL_CODE_RD_incl","L2_RQSTS:ALL_DEMAND_REFERENCES_excl","L2_RQSTS:ALL_DEMAND_REFERENCES_incl","L2_RQSTS:CODE_RD_MISS_excl","L2_RQSTS:CODE_RD_MISS_incl","LLC_REFERENCES_excl","LLC_REFERENCES_incl","LLC_MISSES_excl","LLC_MISSES_incl","L1D_W_A = L1D_W_H_excl","L1D_W_A = L1D_W_H_incl","L1D_R_H_excl","L1D_R_H_incl","L2D_H_excl","L2D_H_incl","L3D_A_excl","L3D_A_incl","L3_H_excl","L3_H_incl","MEM_excl","MEM_incl"
"362.fma3d","24","base","(nil)","n/a","n/a","ImplTaskRegion1",3.4634,6.51628,1914163319,3215545883,4076304173,6323110222,446690694,555364873,83228446,86531807,472694187,537190307,720293,2748275,391663433,495950095,199195666,268091181,1914163319,3215545883,3629613479,5767745349,55747554,62163053,390943140,493201820,192467767,227858914,199195666,268091181
"362.fma3d","24","base","0x4dd64d","/rwthfs/rz/cluster/work/pj416018/jube-out/spec-out/benchspec/OMP2012/362.fma3d/build/build_base_base-profiler.0000/fma1.f90","866","ImplTaskRegion2",0.00988054,0.00988054,78867,78867,94574,94574,13685,13685,30035,30035,42486,42486,12811,12811,19514,19514,10819,10819,78867,78867,80889,80889,6982,6982,6703,6703,8695,8695,10819,10819
"362.fma3d","24","base","0x4ddbc2","/rwthfs/rz/cluster/work/pj416018/jube-out/spec-out/benchspec/OMP2012/362.fma3d/build/build_base_base-profiler.0000/fma1.f90","967","ImplTaskRegion3",0.000132322,0.000132322,37865,37865,71458,71458,1983,1983,8372,8372,10036,10036,875,875,1583,1583,904,904,37865,37865,69475,69475,1275,1275,708,708,679,679,904,904
"362.fma3d","24","base","0x4ddbdc","/rwthfs/rz/cluster/work/pj416018/jube-out/spec-out/benchspec/OMP2012/362.fma3d/build/build_base_base-profiler.0000/fma1.f90","985","ImplTaskRegion4",0.0001266,0.0001266,36674,36674,70819,70819,1911,1911,7229,7229,8841,8841,230,230,797,797,482,482,36674,36674,68908,68908,1344,1344,567,567,315,315,482,482
"362.fma3d","24","base","0x4de1c8","/rwthfs/rz/cluster/work/pj416018/jube-out/spec-out/benchspec/OMP2012/362.fma3d/build/build_base_base-profiler.0000/fma1.f90","124","ImplTaskRegion5",0.00061655,0.00061655,37358,37358,70017,70017,3749,3749,17546,17546,20820,20820,5703,5703,7288,7288,3595,3595,37358,37358,66268,66268,2164,2164,1585,1585,3693,3693,3595,3595
"362.fma3d","24","base","0x4de38f","/rwthfs/rz/cluster/work/pj416018/jube-out/spec-out/benchspec/OMP2012/362.fma3d/build/build_base_base-profiler.0000/fma1.f90","150","ImplTaskRegion6",0.000188589,0.000188589,39924,39924,71244,71244,3540,3540,14902,14902,18006,18006,8742,8742,11019,11019,5586,5586,39924,39924,67704,67704,1263,1263,2277,2277,5433,5433,5586,5586
"362.fma3d","24","base","0x4c38d7","/rwthfs/rz/cluster/work/pj416018/jube-out/spec-out/benchspec/OMP2012/362.fma3d/build/build_base_base-profiler.0000/fma1.f90","1621","ImplTaskRegion7",0.000124931,0.000124931,35726,35726,68572,68572,1761,1761,8982,8982,10562,10562,2167,2167,2555,2555,1351,1351,35726,35726,66811,66811,1373,1373,388,388,1204,1204,1351,1351
"362.fma3d","24","base","0x4c398b","/rwthfs/rz/cluster/work/pj416018/jube-out/spec-out/benchspec/OMP2012/362.fma3d/build/build_base_base-profiler.0000/fma1.f90","1638","ImplTaskRegion8",0.000106335,0.000106335,35757,35757,68697,68697,1694,1694,7126,7126,8601,8601,533,533,799,799,424,424,35757,35757,67003,67003,1428,1428,266,266,375,375,424,424
"362.fma3d","24","base","0x4c3c52","/rwthfs/rz/cluster/work/pj416018/jube-out/spec-out/benchspec/OMP2012/362.fma3d/build/build_base_base-profiler.0000/fma1.f90","1694","ImplTaskRegion9",0.000111103,0.000111103,36401,36401,69432,69432,1882,1882,7083,7083,8709,8709,686,686,1073,1073,612,612,36401,36401,67550,67550,1495,1495,387,387,461,461,612,612
"362.fma3d","24","base","0x4c3d11","/rwthfs/rz/cluster/work/pj416018/jube-out/spec-out/benchspec/OMP2012/362.fma3d/build/build_base_base-profiler.0000/fma1.f90","1739","ImplTaskRegion10",0.000141144,0.000141144,35694,35694,68595,68595,3183,3183,9906,9906,12711,12711,1828,1828,2324,2324,1232,1232,35694,35694,65412,65412,2687,2687,496,496,1092,1092,1232,1232
"362.fma3d","24","base","0x4c4080","/rwthfs/rz/cluster/work/pj416018/jube-out/spec-out/benchspec/OMP2012/362.fma3d/build/build_base_base-profiler.0000/fma1.f90","1805","ImplTaskRegion11",0.000115156,0.000115156,35769,35769,68631,68631,1712,1712,7046,7046,8518,8518,681,681,1090,1090,565,565,35769,35769,66919,66919,1303,1303,409,409,525,525,565,565
"362.fma3d","24","base","0x4c48b2","/rwthfs/rz/cluster/work/pj416018/jube-out/spec-out/benchspec/OMP2012/362.fma3d/build/build_base_base-profiler.0000/fma1.f90","1977","ImplTaskRegion12",0.000129223,0.000129223,39978,39978,71790,71790,1801,1801,6902,6902,8383,8383,538,538,1063,1063,434,434,39978,39978,69989,69989,1276,1276,525,525,629,629,434,434
"362.fma3d","24","base","0x4c4966","/rwthfs/rz/cluster/work/pj416018/jube-out/spec-out/benchspec/OMP2012/362.fma3d/build/build_base_base-profiler.0000/fma1.f90","1992","ImplTaskRegion13",0.000107765,0.000107765,35719,35719,68712,68712,1499,1499,6603,6603,7945,7945,17,17,271,271,155,155,35719,35719,67213,67213,1245,1245,254,254,116,116,155,155
"362.fma3d","24","base","0x4c4a1e","/rwthfs/rz/cluster/work/pj416018/jube-out/spec-out/benchspec/OMP2012/362.fma3d/build/build_base_base-profiler.0000/fma1.f90","2003","ImplTaskRegion14",0.000105143,0.000105143,35843,35843,68880,68880,1674,1674,7453,7453,8949,8949,249,249,594,594,344,344,35843,35843,67206,67206,1329,1329,345,345,250,250,344,344
"362.fma3d","24","base","0x4c4cca","/rwthfs/rz/cluster/work/pj416018/jube-out/spec-out/benchspec/OMP2012/362.fma3d/build/build_base_base-profiler.0000/fma1.f90","2042","ImplTaskRegion15",0.0337582,0.0337582,5103885,5103885,68931,68931,543129,543129,13911,13911,523603,523603,6657,6657,548026,548026,396701,396701,5103885,5103885,-474198,-474198,1760,1760,541369,541369,151325,151325,396701,396701
"362.fma3d","24","base","0x4c5308","/rwthfs/rz/cluster/work/pj416018/jube-out/spec-out/benchspec/OMP2012/362.fma3d/build/build_base_base-profiler.0000/fma1.f90","2173","ImplTaskRegion16",0.0206106,0.0206106,5150978,5150978,68668,68668,496474,496474,12423,12423,311437,311437,7898,7898,499478,499478,298128,298128,5150978,5150978,-427806,-427806,4894,4894,491580,491580,201350,201350,298128,298128
"362.fma3d","24","base","0x4c5762","/rwthfs/rz/cluster/work/pj416018/jube-out/spec-out/benchspec/OMP2012/362.fma3d/build/build_base_base-profiler.0000/fma1.f90","2251","ImplTaskRegion17",0.00323033,0.00323033,323081,323081,70182,70182,5460,5460,17342,17342,21763,21763,7569,7569,10384,10384,5425,5425,323081,323081,64722,64722,2645,2645,2815,2815,4959,4959,5425,5425
"362.fma3d","24","base","0x4de65a","/rwthfs/rz/cluster/work/pj416018/jube-out/spec-out/benchspec/OMP2012/362.fma3d/build/build_base_base-profiler.0000/fma1.f90","271","ImplTaskRegion18",0.00111771,0.00111771,36307,36307,69075,69075,4050,4050,22607,22607,26164,26164,14571,14571,17280,17280,9430,9430,36307,36307,65025,65025,1341,1341,2709,2709,7850,7850,9430,9430
"362.fma3d","24","base","0x4de729","/rwthfs/rz/cluster/work/pj416018/jube-out/spec-out/benchspec/OMP2012/362.fma3d/build/build_base_base-profiler.0000/fma1.f90","292","ImplTaskRegion19",0.000273466,0.000273466,35872,35872,69004,69004,3289,3289,14508,14508,17474,17474,8190,8190,9634,9634,4716,4716,35872,35872,65715,65715,1845,1845,1444,1444,4918,4918,4716,4716
"362.fma3d","24","base","0x4de97d","/rwthfs/rz/cluster/work/pj416018/jube-out/spec-out/benchspec/OMP2012/362.fma3d/build/build_base_base-profiler.0000/fma1.f90","350","ImplTaskRegion20",0.00376272,0.00376272,79699,79699,68866,68866,8445,8445,12610,12610,19683,19683,4206,4206,8163,8163,3142,3142,79699,79699,60421,60421,4488,4488,3957,3957,5021,5021,3142,3142
"362.fma3d","24","base","0x4deac6","/rwthfs/rz/cluster/work/pj416018/jube-out/spec-out/benchspec/OMP2012/362.fma3d/build/build_base_base-profiler.0000/fma1.f90","362","ImplTaskRegion21",0.000844479,0.000844479,79266,79266,68810,68810,6308,6308,9002,9002,14234,14234,931,931,3843,3843,1219,1219,79266,79266,62502,62502,3396,3396,2912,2912,2624,2624,1219,1219
"362.fma3d","24","base","0x4dedf9","/rwthfs/rz/cluster/work/pj416018/jube-out/spec-out/benchspec/OMP2012/362.fma3d/build/build_base_base-profiler.0000/fma1.f90","411","ImplTaskRegion22",0.016614,0.016614,2636742,2636742,68679,68679,298857,298857,12648,12648,198819,198819,6922,6922,305516,305516,185809,185809,2636742,2636742,-230178,-230178,263,263,298594,298594,119707,119707,185809,185809
"362.fma3d","24","base","0x4deea7","/rwthfs/rz/cluster/work/pj416018/jube-out/spec-out/benchspec/OMP2012/362.fma3d/build/build_base_base-profiler.0000/fma1.f90","422","ImplTaskRegion23",0.0154269,0.0154269,902846,902846,68766,68766,200515,200515,10332,10332,115239,115239,4018,4018,202523,202523,133399,133399,902846,902846,-131749,-131749,2010,2010,198505,198505,69124,69124,133399,133399
"362.fma3d","24","base","0x49648b","/rwthfs/rz/cluster/work/pj416018/jube-out/spec-out/benchspec/OMP2012/362.fma3d/build/build_base_base-profiler.0000/fma1.f90","9313","ImplTaskRegion24",0.00686836,0.00686836,3507869,3507869,74233,74233,545709,545709,10201,10201,355388,355388,5429,5429,520982,520982,279957,279957,3507869,3507869,-471476,-471476,30156,30156,515553,515553,241025,241025,279957,279957
"362.fma3d","24","base","0x49e578","/rwthfs/rz/cluster/work/pj416018/jube-out/spec-out/benchspec/OMP2012/362.fma3d/build/build_base_base-profiler.0000/fma1.f90","9461","ImplTaskRegion25",0.00207949,0.00207949,123148,123148,68646,68646,91253,91253,6750,6750,68716,68716,3010,3010,91694,91694,86207,86207,123148,123148,-22607,-22607,2569,2569,88684,88684,5487,5487,86207,86207
"362.fma3d","24","base","0x49e59d","/rwthfs/rz/cluster/work/pj416018/jube-out/spec-out/benchspec/OMP2012/362.fma3d/build/build_base_base-profiler.0000/fma1.f90","9471","ImplTaskRegion26",0.00010705,0.00010705,35746,35746,68569,68569,1406,1406,6498,6498,7708,7708,784,784,1312,1312,650,650,35746,35746,67163,67163,878,878,528,528,662,662,650,650
"362.fma3d","24","base","0x49e5c0","/rwthfs/rz/cluster/work/pj416018/jube-out/spec-out/benchspec/OMP2012/362.fma3d/build/build_base_base-profiler.0000/fma1.f90","9478","ImplTaskRegion27",0.00479507,0.00479507,382566,382566,415557,415557,290230,290230,6835,6835,237946,237946,395,395,263106,263106,217359,217359,382566,382566,125327,125327,27519,27519,262711,262711,45747,45747,217359,217359
"362.fma3d","24","base","0x49e5e3","/rwthfs/rz/cluster/work/pj416018/jube-out/spec-out/benchspec/OMP2012/362.fma3d/build/build_base_base-profiler.0000/fma1.f90","9483","ImplTaskRegion28",0.000107288,0.000107288,35906,35906,68859,68859,1428,1428,6505,6505,7730,7730,629,629,1049,1049,469,469,35906,35906,67431,67431,1008,1008,420,420,580,580,469,469
"362.fma3d","24","base","0x49e608","/rwthfs/rz/cluster/work/pj416018/jube-out/spec-out/benchspec/OMP2012/362.fma3d/build/build_base_base-profiler.0000/fma1.f90","9487","ImplTaskRegion29",0.00013566,0.00013566,35766,35766,68660,68660,2740,2740,8207,8207,10624,10624,1031,1031,1578,1578,727,727,35766,35766,65920,65920,2193,2193,547,547,851,851,727,727
"362.fma3d","24","base","0x49e62b","/rwthfs/rz/cluster/work/pj416018/jube-out/spec-out/benchspec/OMP2012/362.fma3d/build/build_base_base-profiler.0000/fma1.f90","9494","ImplTaskRegion30",0.000106573,0.000106573,35746,35746,68569,68569,1738,1738,7349,7349,8821,8821,538,538,931,931,438,438,35746,35746,66831,66831,1345,1345,393,393,493,493,438,438
"362.fma3d","24","base","0x49e6ea","/rwthfs/rz/cluster/work/pj416018/jube-out/spec-out/benchspec/OMP2012/362.fma3d/build/build_base_base-profiler.0000/fma1.f90","9533","ImplTaskRegion31",0.000127077,0.000127077,36046,36046,69057,69057,1422,1422,6771,6771,8003,8003,1363,1363,1948,1948,885,885,36046,36046,67635,67635,837,837,585,585,1063,1063,885,885
"362.fma3d","24","base","0x49e70d","/rwthfs/rz/cluster/work/pj416018/jube-out/spec-out/benchspec/OMP2012/362.fma3d/build/build_base_base-profiler.0000/fma1.f90","9540","ImplTaskRegion32",0.00235629,0.00235629,382546,382546,762265,762265,304182,304182,6667,6667,192957,192957,602,602,253101,253101,179425,179425,382546,382546,458083,458083,51683,51683,252499,252499,73676,73676,179425,179425
"362.fma3d","24","base","0x49e732","/rwthfs/rz/cluster/work/pj416018/jube-out/spec-out/benchspec/OMP2012/362.fma3d/build/build_base_base-profiler.0000/fma1.f90","9548","ImplTaskRegion33",0.000139713,0.000139713,37040,37040,70203,70203,1833,1833,6904,6904,8506,8506,829,829,1332,1332,670,670,37040,37040,68370,68370,1330,1330,503,503,662,662,670,670
"362.fma3d","24","base","0x49e755","/rwthfs/rz/cluster/work/pj416018/jube-out/spec-out/benchspec/OMP2012/362.fma3d/build/build_base_base-profiler.0000/fma1.f90","9555","ImplTaskRegion34",0.000108957,0.000108957,35911,35911,68877,68877,1197,1197,6589,6589,7579,7579,415,415,666,666,285,285,35911,35911,67680,67680,946,946,251,251,381,381,285,285
"362.fma3d","24","base","0x49e778","/rwthfs/rz/cluster/work/pj416018/jube-out/spec-out/benchspec/OMP2012/362.fma3d/build/build_base_base-profiler.0000/fma1.f90","9562","ImplTaskRegion35",0.000131845,0.000131845,35766,35766,68661,68661,1868,1868,6893,6893,8566,8566,475,475,746,746,365,365,35766,35766,66793,66793,1597,1597,271,271,381,381,365,365
"362.fma3d","24","base","0x549f0c","/rwthfs/rz/cluster/work/pj416018/jube-out/spec-out/benchspec/OMP2012/362.fma3d/build/build_base_base-profiler.0000/fma2.f90","137","ImplTaskRegion36",0.00116467,0.00116467,560033,560033,68617,68617,178781,178781,8359,8359,109611,109611,2371,2371,178445,178445,115494,115494,560033,560033,-110164,-110164,2707,2707,176074,176074,62951,62951,115494,115494
"362.fma3d","24","base","0x54a10a","/rwthfs/rz/cluster/work/pj416018/jube-out/spec-out/benchspec/OMP2012/362.fma3d/build/build_base_base-profiler.0000/fma2.f90","178","ImplTaskRegion37",0.0052731,0.0052731,1084418,1084418,68811,68811,135060,135060,8776,8776,76901,76901,2222,2222,134805,134805,123951,123951,1084418,1084418,-66249,-66249,2477,2477,132583,132583,10854,10854,123951,123951
"362.fma3d","24","base","0x465ca5","/rwthfs/rz/cluster/work/pj416018/jube-out/spec-out/benchspec/OMP2012/362.fma3d/build/build_base_base-profiler.0000/platq.f90","172","ImplTaskRegion38",0.0668836,0.0668836,68010150,68010150,110303127,110303127,1680669,1680669,40244,40244,1054869,1054869,28048,28048,1460647,1460647,1246963,1246963,68010150,68010150,108622458,108622458,248070,248070,1432599,1432599,213684,213684,1246963,1246963
"362.fma3d","24","base","0x465596","/rwthfs/rz/cluster/work/pj416018/jube-out/spec-out/benchspec/OMP2012/362.fma3d/build/build_base_base-profiler.0000/platq.f90","541","ImplTaskRegion39",0.000385046,0.000385046,79967,79967,69354,69354,15339,15339,9478,9478,18385,18385,3524,3524,15690,15690,13319,13319,79967,79967,54015,54015,3173,3173,12166,12166,2371,2371,13319,13319
"362.fma3d","24","base","0x46572e","/rwthfs/rz/cluster/work/pj416018/jube-out/spec-out/benchspec/OMP2012/362.fma3d/build/build_base_base-profiler.0000/platq.f90","562","ImplTaskRegion40",0.000278473,0.000278473,36035,36035,112812,112812,14118,14118,7168,7168,10279,10279,1967,1967,14068,14068,10200,10200,36035,36035,98694,98694,2017,2017,12101,12101,3868,3868,10200,10200
"362.fma3d","24","base","0x465939","/rwthfs/rz/cluster/work/pj416018/jube-out/spec-out/benchspec/OMP2012/362.fma3d/build/build_base_base-profiler.0000/platq.f90","576","ImplTaskRegion41",0.0113685,0.0113685,1302864,1302864,1030085,1030085,76242,76242,10579,10579,84080,84080,1931,1931,73211,73211,49709,49709,1302864,1302864,953843,953843,4962,4962,71280,71280,23502,23502,49709,49709
"362.fma3d","24","base","0x465b92","/rwthfs/rz/cluster/work/pj416018/jube-out/spec-out/benchspec/OMP2012/362.fma3d/build/build_base_base-profiler.0000/platq.f90","599","ImplTaskRegion42",0.0163751,0.0163751,313560,313560,5573860,5573860,906638,906638,14586,14586,657198,657198,9081,9081,1070071,1070071,741229,741229,313560,313560,4667222,4667222,-154352,-154352,1060990,1060990,328842,328842,741229,741229
"362.fma3d","24","base","0x51c5ee","/rwthfs/rz/cluster/work/pj416018/jube-out/spec-out/benchspec/OMP2012/362.fma3d/build/build_base_base-profiler.0000/fma2.f90","4202","ImplTaskRegion43",14.1165,14.1165,398823065,398823065,3048452842,3048452842,957501522,957501522,5514080,5514080,575155970,575155970,4363717,4363717,1026445520,1026445520,735881465,735881465,398823065,398823065,2090951320,2090951320,-64580281,-64580281,1022081803,1022081803,290564055,290564055,735881465,735881465
"362.fma3d","24","base","0x5496d7","/rwthfs/rz/cluster/work/pj416018/jube-out/spec-out/benchspec/OMP2012/362.fma3d/build/build_base_base-profiler.0000/fma2.f90","234","ImplTaskRegion44",0.00183988,0.00183988,385391,385391,767779,767779,178709,178709,8429,8429,111793,111793,4693,4693,181232,181232,131164,131164,385391,385391,589070,589070,2170,2170,176539,176539,50068,50068,131164,131164
"362.fma3d","24","base","0x5498c4","/rwthfs/rz/cluster/work/pj416018/jube-out/spec-out/benchspec/OMP2012/362.fma3d/build/build_base_base-profiler.0000/fma2.f90","307","ImplTaskRegion45",0.00616074,0.00616074,35794,35794,767785,767785,356099,356099,6116,6116,123877,123877,1347,1347,300007,300007,276735,276735,35794,35794,411686,411686,57439,57439,298660,298660,23272,23272,276735,276735
"362.fma3d","24","base","0x549941","/rwthfs/rz/cluster/work/pj416018/jube-out/spec-out/benchspec/OMP2012/362.fma3d/build/build_base_base-profiler.0000/fma2.f90","338","ImplTaskRegion46",8.9672,8.9672,398771152,398771152,925879308,925879308,411748997,411748997,3100156,3100156,286947502,286947502,2206036,2206036,415028424,415028424,350365009,350365009,398771152,398771152,514130311,514130311,-1073391,-1073391,412822388,412822388,64663415,64663415,350365009,350365009
"362.fma3d","24","base","0x542fe8","/rwthfs/rz/cluster/work/pj416018/jube-out/spec-out/benchspec/OMP2012/362.fma3d/build/build_base_base-profiler.0000/fma2.f90","5279","ImplTaskRegion47",0.000162363,0.000162363,37359,37359,78470,78470,3265,3265,6305,6305,8606,8606,2330,2330,4504,4504,2863,2863,37359,37359,75205,75205,1091,1091,2174,2174,1641,1641,2863,2863
"362.fma3d","24","base","0x54300f","/rwthfs/rz/cluster/work/pj416018/jube-out/spec-out/benchspec/OMP2012/362.fma3d/build/build_base_base-profiler.0000/fma2.f90","5541","ImplTaskRegion48",0.138358,0.138358,57216913,57216913,128528464,128528464,7893450,7893450,2836935,2836935,7282765,7282765,1243809,1243809,8446966,8446966,4854122,4854122,57216913,57216913,120635014,120635014,690293,690293,7203157,7203157,3592844,3592844,4854122,4854122
"362.fma3d","24","base","0x5499bc","/rwthfs/rz/cluster/work/pj416018/jube-out/spec-out/benchspec/OMP2012/362.fma3d/build/build_base_base-profiler.0000/fma2.f90","454","ImplTaskRegion49",3.71341,3.71341,542491452,542491452,1538622760,1538622760,276199968,276199968,4343866,4343866,51158381,51158381,2341501,2341501,244846907,244846907,147404509,147404509,542491452,542491452,1262422792,1262422792,33694562,33694562,242505406,242505406,97442398,97442398,147404509,147404509
"362.fma3d","24","base","0x549a44","/rwthfs/rz/cluster/work/pj416018/jube-out/spec-out/benchspec/OMP2012/362.fma3d/build/build_base_base-profiler.0000/fma2.f90","565","ImplTaskRegion50",2.09001,2.09001,901531924,901531924,169640567,169640567,222791657,222791657,2922116,2922116,80301081,80301081,928629,928629,124933087,124933087,67213193,67213193,901531924,901531924,-53151090,-53151090,98787199,98787199,124004458,124004458,57719894,57719894,67213193,67213193
"362.fma3d","24","base","0x465d0b","/rwthfs/rz/cluster/work/pj416018/jube-out/spec-out/benchspec/OMP2012/362.fma3d/build/build_base_base-profiler.0000/platq.f90","386","ImplTaskRegion51",30.6184,30.6184,29001327069,29001327069,46157947257,46157947257,739706392,739706392,18790471,18790471,502954386,502954386,14929588,14929588,693330996,693330996,551255620,551255620,29001327069,29001327069,45418240865,45418240865,61304984,61304984,678401408,678401408,142075376,142075376,551255620,551255620
"App","numthreads","variant","Codeptr","Filename","Codeline","Region","Time_Exclusive","Time_Inclusive","MEM_INST_RETIRED:ALL_STORES_excl","MEM_INST_RETIRED:ALL_STORES_incl","MEM_INST_RETIRED:ALL_LOADS_excl","MEM_INST_RETIRED:ALL_LOADS_incl","L1D:REPLACEMENT_excl","L1D:REPLACEMENT_incl","L2_RQSTS:ALL_CODE_RD_excl","L2_RQSTS:ALL_CODE_RD_incl","L2_RQSTS:ALL_DEMAND_REFERENCES_excl","L2_RQSTS:ALL_DEMAND_REFERENCES_incl","L2_RQSTS:CODE_RD_MISS_excl","L2_RQSTS:CODE_RD_MISS_incl","LLC_REFERENCES_excl","LLC_REFERENCES_incl","LLC_MISSES_excl","LLC_MISSES_incl","L1D_W_A = L1D_W_H_excl","L1D_W_A = L1D_W_H_incl","L1D_R_H_excl","L1D_R_H_incl","L2D_H_excl","L2D_H_incl","L3D_A_excl","L3D_A_incl","L3_H_excl","L3_H_incl","MEM_excl","MEM_incl"
"362.fma3d","24","ixe-detail","(nil)","n/a","n/a","ImplTaskRegion1",524.466,1168.88,463821665522,844812247511,903726726776,1791830303000,44393141469,82592475735,19871956838,25707050938,41795060010,67317829537,1950910375,2077644643,7641599249,12815214758,2365264039,5866805279,463821665522,844812247511,859333585307,1709237827265,38702452595,71854905620,5690688874,10737570115,5276335210,6948409479,2365264039,5866805279
"362.fma3d","24","ixe-detail","0x4b4546","n/a","n/a","ImplTaskRegion2",4.27886,4.27886,1409845603,1409845603,2038461072,2038461072,64497012,64497012,41666918,41666918,83501416,83501416,9485302,9485302,16994778,16994778,8522313,8522313,1409845603,1409845603,1973964060,1973964060,56987536,56987536,7509476,7509476,8472465,8472465,8522313,8522313
"362.fma3d","24","ixe-detail","0x4b4b04","n/a","n/a","ImplTaskRegion3",0.516361,0.516361,91380276,91380276,125168051,125168051,6350633,6350633,9475110,9475110,15223359,15223359,2370722,2370722,3905721,3905721,1891407,1891407,91380276,91380276,118817418,118817418,4815634,4815634,1534999,1534999,2014314,2014314,1891407,1891407
"362.fma3d","24","ixe-detail","0x4b4b5f","n/a","n/a","ImplTaskRegion4",0.0875518,0.0875518,40524263,40524263,59520587,59520587,1699262,1699262,1014669,1014669,2165808,2165808,321543,321543,633588,633588,300526,300526,40524263,40524263,57821325,57821325,1387217,1387217,312045,312045,333062,333062,300526,300526
"362.fma3d","24","ixe-detail","0x46bc23","n/a","n/a","ImplTaskRegion5",0.386955,0.386955,22973112,22973112,34486552,34486552,1683318,1683318,1796896,1796896,3121031,3121031,640127,640127,1175073,1175073,593062,593062,22973112,22973112,32803234,32803234,1148372,1148372,534946,534946,582011,582011,593062,593062
"362.fma3d","24","ixe-detail","0x46c056","n/a","n/a","ImplTaskRegion6",0.400751,0.400751,27375674,27375674,37845077,37845077,1819814,1819814,2556306,2556306,4191510,4191510,760922,760922,1276392,1276392,542115,542115,27375674,27375674,36025263,36025263,1304344,1304344,515470,515470,734277,734277,542115,542115
"362.fma3d","24","ixe-detail","0x480f01","n/a","n/a","ImplTaskRegion7",0.0631101,0.0631101,9610772,9610772,15340096,15340096,685184,685184,660102,660102,1164201,1164201,288333,288333,552036,552036,212965,212965,9610772,9610772,14654912,14654912,421481,421481,263703,263703,339071,339071,212965,212965
"362.fma3d","24","ixe-detail","0x4810f4","n/a","n/a","ImplTaskRegion8",0.199748,0.199748,12376570,12376570,18667987,18667987,866437,866437,879474,879474,1554108,1554108,340417,340417,631349,631349,239524,239524,12376570,12376570,17801550,17801550,575505,575505,290932,290932,391825,391825,239524,239524
"362.fma3d","24","ixe-detail","0x481858","n/a","n/a","ImplTaskRegion9",0.414237,0.414237,12327842,12327842,17563407,17563407,784162,784162,976159,976159,1654171,1654171,350022,350022,582495,582495,225314,225314,12327842,12327842,16779245,16779245,551689,551689,232473,232473,357181,357181,225314,225314
"362.fma3d","24","ixe-detail","0x481c10","n/a","n/a","ImplTaskRegion10",0.0733526,0.0733526,9006239,9006239,12808661,12808661,644801,644801,868410,868410,1416202,1416202,308045,308045,510344,510344,187308,187308,9006239,9006239,12163860,12163860,442502,442502,202299,202299,323036,323036,187308,187308
"362.fma3d","24","ixe-detail","0x48253e","n/a","n/a","ImplTaskRegion11",0.0661714,0.0661714,6999126,6999126,9922500,9922500,503964,503964,656504,656504,1076697,1076697,253760,253760,414593,414593,156978,156978,6999126,6999126,9418536,9418536,343131,343131,160833,160833,257615,257615,156978,156978
"362.fma3d","24","ixe-detail","0x483b4f","n/a","n/a","ImplTaskRegion12",0.170653,0.170653,9020825,9020825,13343952,13343952,643005,643005,787095,787095,1307241,1307241,304748,304748,491394,491394,220780,220780,9020825,9020825,12700947,12700947,456359,456359,186646,186646,270614,270614,220780,220780
"362.fma3d","24","ixe-detail","0x483d28","n/a","n/a","ImplTaskRegion13",0.0884521,0.0884521,10877773,10877773,16723216,16723216,724671,724671,734635,734635,1278290,1278290,291294,291294,509645,509645,195956,195956,10877773,10877773,15998545,15998545,506320,506320,218351,218351,313689,313689,195956,195956
"362.fma3d","24","ixe-detail","0x483f01","n/a","n/a","ImplTaskRegion14",0.117201,0.117201,7064803,7064803,10145240,10145240,517160,517160,688394,688394,1121508,1121508,286904,286904,456001,456001,171425,171425,7064803,7064803,9628080,9628080,348063,348063,169097,169097,284576,284576,171425,171425
"362.fma3d","24","ixe-detail","0x48459a","n/a","n/a","ImplTaskRegion15",4.8789,4.8789,707441533,707441533,1197380082,1197380082,44441736,44441736,2668077,2668077,28778797,28778797,527587,527587,15406477,15406477,8164925,8164925,707441533,707441533,1152938346,1152938346,29562846,29562846,14878890,14878890,7241552,7241552,8164925,8164925
"362.fma3d","24","ixe-detail","0x48563b","n/a","n/a","ImplTaskRegion16",4.46287,4.46287,1718505690,1718505690,2984672107,2984672107,73661821,73661821,7321957,7321957,54973436,54973436,648257,648257,20742404,20742404,10953204,10953204,1718505690,1718505690,2911010286,2911010286,53567674,53567674,20094147,20094147,9789200,9789200,10953204,10953204
"362.fma3d","24","ixe-detail","0x48617b","n/a","n/a","ImplTaskRegion17",0.541894,0.541894,51879190,51879190,86875712,86875712,3590118,3590118,941206,941206,3176049,3176049,384303,384303,1759666,1759666,890030,890030,51879190,51879190,83285594,83285594,2214755,2214755,1375363,1375363,869636,869636,890030,890030
"362.fma3d","24","ixe-detail","0x46c65d","n/a","n/a","ImplTaskRegion18",0.237801,0.237801,8748217,8748217,12219735,12219735,663825,663825,1030632,1030632,1608299,1608299,427788,427788,690400,690400,350721,350721,8748217,8748217,11555910,11555910,401213,401213,262612,262612,339679,339679,350721,350721
"362.fma3d","24","ixe-detail","0x46c84e","n/a","n/a","ImplTaskRegion19",0.11459,0.11459,6837903,6837903,9742366,9742366,489574,489574,727877,727877,1148314,1148314,322210,322210,500019,500019,220295,220295,6837903,6837903,9252792,9252792,311765,311765,177809,177809,279724,279724,220295,220295
"362.fma3d","24","ixe-detail","0x46ce00","n/a","n/a","ImplTaskRegion20",0.157308,0.157308,16078345,16078345,27769336,27769336,1579058,1579058,995168,995168,1924141,1924141,403306,403306,756546,756546,304314,304314,16078345,16078345,26190278,26190278,1225818,1225818,353240,353240,452232,452232,304314,304314
"362.fma3d","24","ixe-detail","0x46d13f","n/a","n/a","ImplTaskRegion21",0.229328,0.229328,15695033,15695033,26917338,26917338,1538357,1538357,1001810,1001810,1903012,1903012,448618,448618,860119,860119,368324,368324,15695033,15695033,25378981,25378981,1126856,1126856,411501,411501,491795,491795,368324,368324
"362.fma3d","24","ixe-detail","0x46da6c","n/a","n/a","ImplTaskRegion22",2.80998,2.80998,396771633,396771633,676780190,676780190,22750194,22750194,1595299,1595299,16108322,16108322,464062,464062,8456865,8456865,4525505,4525505,396771633,396771633,654029996,654029996,14757391,14757391,7992803,7992803,3931360,3931360,4525505,4525505
"362.fma3d","24","ixe-detail","0x46dc59","n/a","n/a","ImplTaskRegion23",0.380347,0.380347,95743703,95743703,146780044,146780044,1041974,1041974,877594,877594,1837593,1837593,402411,402411,1051484,1051484,394345,394345,95743703,95743703,145738070,145738070,392901,392901,649073,649073,657139,657139,394345,394345
"362.fma3d","24","ixe-detail","0x4b5d25","n/a","n/a","ImplTaskRegion24",0.660376,0.660376,368392425,368392425,740411213,740411213,15911951,15911951,1377081,1377081,6119511,6119511,638240,638240,9243722,9243722,8035029,8035029,368392425,368392425,724499262,724499262,7306469,7306469,8605482,8605482,1208693,1208693,8035029,8035029
"362.fma3d","24","ixe-detail","0x4b815c","n/a","n/a","ImplTaskRegion25",0.124185,0.124185,18740610,18740610,36374524,36374524,2723638,2723638,845486,845486,1838431,1838431,359045,359045,980802,980802,599140,599140,18740610,18740610,33650886,33650886,2101881,2101881,621757,621757,381662,381662,599140,599140
"362.fma3d","24","ixe-detail","0x4b81b6","n/a","n/a","ImplTaskRegion26",0.046736,0.046736,8427966,8427966,13935685,13935685,516951,516951,498939,498939,881692,881692,188229,188229,345252,345252,126732,126732,8427966,8427966,13418734,13418734,359928,359928,157023,157023,218520,218520,126732,126732
"362.fma3d","24","ixe-detail","0x4b8210","n/a","n/a","ImplTaskRegion27",0.465287,0.465287,73641279,73641279,167017132,167017132,15731798,15731798,808438,808438,4162962,4162962,322246,322246,3826351,3826351,2488298,2488298,73641279,73641279,151285334,151285334,12227693,12227693,3504105,3504105,1338053,1338053,2488298,2488298
"362.fma3d","24","ixe-detail","0x4b826a","n/a","n/a","ImplTaskRegion28",0.0406878,0.0406878,5605530,5605530,9380085,9380085,441347,441347,489614,489614,826759,826759,194466,194466,336744,336744,155499,155499,5605530,5605530,8938738,8938738,299069,299069,142278,142278,181245,181245,155499,155499
"362.fma3d","24","ixe-detail","0x4b82c4","n/a","n/a","ImplTaskRegion29",0.0221477,0.0221477,5628212,5628212,8992855,8992855,425865,425865,459162,459162,786229,786229,169585,169585,311098,311098,104082,104082,5628212,5628212,8566990,8566990,284352,284352,141513,141513,207016,207016,104082,104082
"362.fma3d","24","ixe-detail","0x4b831e","n/a","n/a","ImplTaskRegion30",0.0283742,0.0283742,4855998,4855998,7243375,7243375,353295,353295,449889,449889,738491,738491,177649,177649,289035,289035,91575,91575,4855998,4855998,6890080,6890080,241909,241909,111386,111386,197460,197460,91575,91575
"362.fma3d","24","ixe-detail","0x4b83d0","n/a","n/a","ImplTaskRegion31",0.037236,0.037236,6268883,6268883,10258822,10258822,495374,495374,512052,512052,877768,877768,208141,208141,375502,375502,163252,163252,6268883,6268883,9763448,9763448,328013,328013,167361,167361,212250,212250,163252,163252
"362.fma3d","24","ixe-detail","0x4b842a","n/a","n/a","ImplTaskRegion32",0.319528,0.319528,95716489,95716489,212703158,212703158,17292501,17292501,804250,804250,3808723,3808723,327427,327427,3346277,3346277,2643062,2643062,95716489,95716489,195410657,195410657,14273651,14273651,3018850,3018850,703215,703215,2643062,2643062
"362.fma3d","24","ixe-detail","0x4b8484","n/a","n/a","ImplTaskRegion33",0.0357652,0.0357652,6393492,6393492,10018334,10018334,486197,486197,538271,538271,914059,914059,206187,206187,365556,365556,162981,162981,6393492,6393492,9532137,9532137,326828,326828,159369,159369,202575,202575,162981,162981
"362.fma3d","24","ixe-detail","0x4b84de","n/a","n/a","ImplTaskRegion34",0.0244482,0.0244482,6115178,6115178,10326827,10326827,464922,464922,464626,464626,807671,807671,174342,174342,320126,320126,109364,109364,6115178,6115178,9861905,9861905,319138,319138,145784,145784,210762,210762,109364,109364
"362.fma3d","24","ixe-detail","0x4b8538","n/a","n/a","ImplTaskRegion35",0.0244131,0.0244131,4851290,4851290,7187635,7187635,351362,351362,444316,444316,730887,730887,186985,186985,305341,305341,97667,97667,4851290,4851290,6836273,6836273,233006,233006,118356,118356,207674,207674,97667,97667
"362.fma3d","24","ixe-detail","0x4dd542","n/a","n/a","ImplTaskRegion36",0.282447,0.282447,76054900,76054900,148772023,148772023,6451061,6451061,921647,921647,2802479,2802479,448230,448230,3805433,3805433,3201369,3201369,76054900,76054900,142320962,142320962,3093858,3093858,3357203,3357203,604064,604064,3201369,3201369
"362.fma3d","24","ixe-detail","0x4dd671","n/a","n/a","ImplTaskRegion37",0.310014,0.310014,147491614,147491614,278994083,278994083,7764143,7764143,883117,883117,2895086,2895086,418974,418974,3782414,3782414,3124109,3124109,147491614,147491614,271229940,271229940,4400703,4400703,3363440,3363440,658305,658305,3124109,3124109
"362.fma3d","24","ixe-detail","0x4641d7","n/a","n/a","ImplTaskRegion38",30.0607,30.0607,15216340897,15216340897,38114689462,38114689462,1240150744,1240150744,337875418,337875418,922153814,922153814,3916501,3916501,201901343,201901343,112287362,112287362,15216340897,15216340897,36874538718,36874538718,1042165902,1042165902,197984842,197984842,89613981,89613981,112287362,112287362
"362.fma3d","24","ixe-detail","0x46329d","n/a","n/a","ImplTaskRegion39",0.18367,0.18367,15434140,15434140,27178737,27178737,1380294,1380294,846677,846677,1710526,1710526,379699,379699,764511,764511,332099,332099,15434140,15434140,25798443,25798443,995482,995482,384812,384812,432412,432412,332099,332099
"362.fma3d","24","ixe-detail","0x4633d3","n/a","n/a","ImplTaskRegion40",0.350238,0.350238,18235183,18235183,31690774,31690774,1736132,1736132,1344033,1344033,2360509,2360509,560628,560628,1094476,1094476,514271,514271,18235183,18235183,29954642,29954642,1202284,1202284,533848,533848,580205,580205,514271,514271
"362.fma3d","24","ixe-detail","0x4637b4","n/a","n/a","ImplTaskRegion41",0.934423,0.934423,119888524,119888524,215434533,215434533,7649272,7649272,1164701,1164701,6305952,6305952,432973,432973,2925315,2925315,1443438,1443438,119888524,119888524,207785261,207785261,5156930,5156930,2492342,2492342,1481877,1481877,1443438,1443438
"362.fma3d","24","ixe-detail","0x462178","n/a","n/a","ImplTaskRegion42",1.82793,1.82793,447929180,447929180,1831780766,1831780766,67589584,67589584,3351252,3351252,37692984,37692984,1050064,1050064,10059001,10059001,7749591,7749591,447929180,447929180,1764191182,1764191182,58580647,58580647,9008937,9008937,2309410,2309410,7749591,7749591
"362.fma3d","24","ixe-detail","0x511bc4","n/a","n/a","ImplTaskRegion43",1.20638,1.20638,552994621,552994621,1209813716,1209813716,71298989,71298989,1327145,1327145,23836536,23836536,614168,614168,18216334,18216334,15177268,15177268,552994621,552994621,1138514727,1138514727,53696823,53696823,17602166,17602166,3039066,3039066,15177268,15177268
"362.fma3d","24","ixe-detail","0x4dd7a4","n/a","n/a","ImplTaskRegion44",0.621153,0.621153,116610422,116610422,747266986,747266986,9044474,9044474,1371442,1371442,6907649,6907649,571111,571111,3891099,3891099,3073853,3073853,116610422,116610422,738222512,738222512,5724486,5724486,3319988,3319988,817246,817246,3073853,3073853
"362.fma3d","24","ixe-detail","0x4dd93c","n/a","n/a","ImplTaskRegion45",0.687538,0.687538,109320098,109320098,228771061,228771061,10711768,10711768,1558105,1558105,5085561,5085561,613948,613948,5606141,5606141,4719558,4719558,109320098,109320098,218059293,218059293,5719575,5719575,4992193,4992193,886583,886583,4719558,4719558
"362.fma3d","24","ixe-detail","0x4dd9dd","n/a","n/a","ImplTaskRegion46",256.361,256.361,167319734123,167319734123,356039623423,356039623423,14569103942,14569103942,237205242,237205242,4168410607,4168410607,119060733,119060733,6077034570,6077034570,5530172357,5530172357,167319734123,167319734123,341470519481,341470519481,8611130105,8611130105,5957973837,5957973837,546862213,546862213,5530172357,5530172357
"362.fma3d","24","ixe-detail","0x4e5bbd","n/a","n/a","ImplTaskRegion47",0.97417,0.97417,39646218,39646218,71797095,71797095,4379462,4379462,4912279,4912279,8744815,8744815,758300,758300,4048518,4048518,2077050,2077050,39646218,39646218,67417633,67417633,1089244,1089244,3290218,3290218,1971468,1971468,2077050,2077050
"362.fma3d","24","ixe-detail","0x4e5c42","n/a","n/a","ImplTaskRegion48",18.3199,18.3199,9794545339,9794545339,19659623340,19659623340,1051408847,1051408847,186944154,186944154,688048626,688048626,64140608,64140608,242773120,242773120,163171204,163171204,9794545339,9794545339,18608214493,18608214493,872776335,872776335,178632512,178632512,79601916,79601916,163171204,163171204
"362.fma3d","24","ixe-detail","0x4de059","n/a","n/a","ImplTaskRegion49",287.988,287.988,240719216645,240719216645,491012094050,491012094050,13474394765,13474394765,328690893,328690893,5345962914,5345962914,128972227,128972227,5382286876,5382286876,4717153261,4717153261,240719216645,240719216645,477537699285,477537699285,8221080116,8221080116,5253314649,5253314649,665133615,665133615,4717153261,4717153261
"362.fma3d","24","ixe-detail","0x4de187","n/a","n/a","ImplTaskRegion50",201.302,201.302,136957799742,136957799742,283138447417,283138447417,10154794705,10154794705,235967045,235967045,2920553225,2920553225,119753701,119753701,5353710116,5353710116,4470086865,4470086865,136957799742,136957799742,272983652712,272983652712,4920838290,4920838290,5233956415,5233956415,883623251,883623251,4470086865,4470086865
"362.fma3d","24","ixe-detail","0x45a009","n/a","n/a","ImplTaskRegion51",10847.4,10847.4,6306882765236,6306882765236,17404867521350,17404867521350,557315505785,557315505785,130554595172,130554595172,370403879391,370403879391,421851589,421851589,66112441879,66112441879,39091081773,39091081773,6306882765236,6306882765236,16847552015565,16847552015565,491624915495,491624915495,65690590290,65690590290,27021360106,27021360106,39091081773,39091081773
"362.fma3d","24","ixe-detail","0x4f03a7","n/a","n/a","ImplTaskRegion52",720.586,720.586,409940442990,409940442990,915289743199,915289743199,51026810826,51026810826,356897598,356897598,16326508396,16326508396,182527628,182527628,12228889944,12228889944,10459502635,10459502635,409940442990,409940442990,864262932373,864262932373,38980448510,38980448510,12046362316,12046362316,1769387309,1769387309,10459502635,10459502635
"App","numthreads","variant","Codeptr","Filename","Codeline","Region","Time_Exclusive","Time_Inclusive","MEM_INST_RETIRED:ALL_STORES_excl","MEM_INST_RETIRED:ALL_STORES_incl","MEM_INST_RETIRED:ALL_LOADS_excl","MEM_INST_RETIRED:ALL_LOADS_incl","L1D:REPLACEMENT_excl","L1D:REPLACEMENT_incl","L2_RQSTS:ALL_CODE_RD_excl","L2_RQSTS:ALL_CODE_RD_incl","L2_RQSTS:ALL_DEMAND_REFERENCES_excl","L2_RQSTS:ALL_DEMAND_REFERENCES_incl","L2_RQSTS:CODE_RD_MISS_excl","L2_RQSTS:CODE_RD_MISS_incl","LLC_REFERENCES_excl","LLC_REFERENCES_incl","LLC_MISSES_excl","LLC_MISSES_incl","L1D_W_A = L1D_W_H_excl","L1D_W_A = L1D_W_H_incl","L1D_R_H_excl","L1D_R_H_incl","L2D_H_excl","L2D_H_incl","L3D_A_excl","L3D_A_incl","L3_H_excl","L3_H_incl","MEM_excl","MEM_incl"
"362.fma3d","24","archer-noread","(nil)","n/a","n/a","ImplTaskRegion1",18.648,49.8603,13845414705,28153494821,24830968163,58725602209,1131373597,1743174707,734645242,1178365533,1254705584,2006193166,2472401,9065508,1131851759,1907036892,820010409,1363411554,13845414705,28153494821,23699594566,56982427502,1994239,-154796677,1129379358,1897971384,311841350,543625338,820010409,1363411554
"362.fma3d","24","archer-noread","0x5e4e38","/rwthfs/rz/cluster/work/pj416018/jube-out/spec-out/benchspec/OMP2012/362.fma3d/build/build_base_archer-noread-profiler.0000/fma1.f90","866","ImplTaskRegion2",0.0256879,0.0256879,1981466,1981466,770157,770157,69151,69151,77368,77368,136690,136690,21568,21568,49164,49164,25413,25413,1981466,1981466,701006,701006,41555,41555,27596,27596,23751,23751,25413,25413
"362.fma3d","24","archer-noread","0x5e57a2","/rwthfs/rz/cluster/work/pj416018/jube-out/spec-out/benchspec/OMP2012/362.fma3d/build/build_base_archer-noread-profiler.0000/fma1.f90","967","ImplTaskRegion3",0.000234604,0.000234604,83326,83326,138693,138693,6307,6307,16252,16252,21491,21491,1904,1904,4036,4036,2441,2441,83326,83326,132386,132386,4175,4175,2132,2132,1595,1595,2441,2441
"362.fma3d","24","archer-noread","0x5e57c6","/rwthfs/rz/cluster/work/pj416018/jube-out/spec-out/benchspec/OMP2012/362.fma3d/build/build_base_archer-noread-profiler.0000/fma1.f90","985","ImplTaskRegion4",0.000207663,0.000207663,81140,81140,136984,136984,5715,5715,12958,12958,17694,17694,650,650,2182,2182,1239,1239,81140,81140,131269,131269,4183,4183,1532,1532,943,943,1239,1239
"362.fma3d","24","archer-noread","0x5e652b","/rwthfs/rz/cluster/work/pj416018/jube-out/spec-out/benchspec/OMP2012/362.fma3d/build/build_base_archer-noread-profiler.0000/fma1.f90","124","ImplTaskRegion5",0.0187926,0.0187926,315982,315982,543981,543981,17771,17771,30613,30613,42388,42388,8100,8100,16561,16561,8183,8183,315982,315982,526210,526210,9310,9310,8461,8461,8378,8378,8183,8183
"362.fma3d","24","archer-noread","0x5e67d4","/rwthfs/rz/cluster/work/pj416018/jube-out/spec-out/benchspec/OMP2012/362.fma3d/build/build_base_archer-noread-profiler.0000/fma1.f90","150","ImplTaskRegion6",0.00032258,0.00032258,134488,134488,225531,225531,11189,11189,24557,24557,32485,32485,7130,7130,13301,13301,7628,7628,134488,134488,214342,214342,5018,5018,6171,6171,5673,5673,7628,7628
"362.fma3d","24","archer-noread","0x5c6035","/rwthfs/rz/cluster/work/pj416018/jube-out/spec-out/benchspec/OMP2012/362.fma3d/build/build_base_archer-noread-profiler.0000/fma1.f90","1621","ImplTaskRegion7",0.000167131,0.000167131,80024,80024,133798,133798,5225,5225,14729,14729,19047,19047,1628,1628,2568,2568,1579,1579,80024,80024,128573,128573,4285,4285,940,940,989,989,1579,1579
"362.fma3d","24","archer-noread","0x5c6150","/rwthfs/rz/cluster/work/pj416018/jube-out/spec-out/benchspec/OMP2012/362.fma3d/build/build_base_archer-noread-profiler.0000/fma1.f90","1638","ImplTaskRegion8",0.000151396,0.000151396,79909,79909,134076,134076,4851,4851,13167,13167,17197,17197,989,989,1889,1889,983,983,79909,79909,129225,129225,3951,3951,900,900,906,906,983,983
"362.fma3d","24","archer-noread","0x5c65a7","/rwthfs/rz/cluster/work/pj416018/jube-out/spec-out/benchspec/OMP2012/362.fma3d/build/build_base_archer-noread-profiler.0000/fma1.f90","1694","ImplTaskRegion9",0.000236511,0.000236511,81330,81330,135910,135910,5428,5428,13497,13497,17987,17987,577,577,1307,1307,637,637,81330,81330,130482,130482,4698,4698,730,730,670,670,637,637
"362.fma3d","24","archer-noread","0x5c66d6","/rwthfs/rz/cluster/work/pj416018/jube-out/spec-out/benchspec/OMP2012/362.fma3d/build/build_base_archer-noread-profiler.0000/fma1.f90","1739","ImplTaskRegion10",0.000149488,0.000149488,79802,79802,133800,133800,4748,4748,12953,12953,16841,16841,391,391,1005,1005,515,515,79802,79802,129052,129052,4134,4134,614,614,490,490,515,515
"362.fma3d","24","archer-noread","0x5c6c38","/rwthfs/rz/cluster/work/pj416018/jube-out/spec-out/benchspec/OMP2012/362.fma3d/build/build_base_archer-noread-profiler.0000/fma1.f90","1805","ImplTaskRegion11",0.000151157,0.000151157,80161,80161,134601,134601,4935,4935,12785,12785,16854,16854,614,614,1544,1544,721,721,80161,80161,129666,129666,4005,4005,930,930,823,823,721,721
"362.fma3d","24","archer-noread","0x5c791a","/rwthfs/rz/cluster/work/pj416018/jube-out/spec-out/benchspec/OMP2012/362.fma3d/build/build_base_archer-noread-profiler.0000/fma1.f90","1977","ImplTaskRegion12",0.000212193,0.000212193,109090,109090,186525,186525,8183,8183,12914,12914,19240,19240,685,685,4220,4220,1313,1313,109090,109090,178342,178342,4648,4648,3535,3535,2907,2907,1313,1313
"362.fma3d","24","archer-noread","0x5c7a34","/rwthfs/rz/cluster/work/pj416018/jube-out/spec-out/benchspec/OMP2012/362.fma3d/build/build_base_archer-noread-profiler.0000/fma1.f90","1992","ImplTaskRegion13",0.000219345,0.000219345,80140,80140,134376,134376,6750,6750,16639,16639,22317,22317,1161,1161,2228,2228,1150,1150,80140,80140,127626,127626,5683,5683,1067,1067,1078,1078,1150,1150
"362.fma3d","24","archer-noread","0x5c7b4e","/rwthfs/rz/cluster/work/pj416018/jube-out/spec-out/benchspec/OMP2012/362.fma3d/build/build_base_archer-noread-profiler.0000/fma1.f90","2003","ImplTaskRegion14",0.000151634,0.000151634,79858,79858,133910,133910,5323,5323,13261,13261,17688,17688,427,427,940,940,464,464,79858,79858,128587,128587,4810,4810,513,513,476,476,464,464
"362.fma3d","24","archer-noread","0x5c7f88","/rwthfs/rz/cluster/work/pj416018/jube-out/spec-out/benchspec/OMP2012/362.fma3d/build/build_base_archer-noread-profiler.0000/fma1.f90","2042","ImplTaskRegion15",1.50264,1.50264,35608840,35608840,66780247,66780247,2464254,2464254,162446,162446,1587139,1587139,16132,16132,2180573,2180573,737973,737973,35608840,35608840,64315993,64315993,299813,299813,2164441,2164441,1442600,1442600,737973,737973
"362.fma3d","24","archer-noread","0x5c8954","/rwthfs/rz/cluster/work/pj416018/jube-out/spec-out/benchspec/OMP2012/362.fma3d/build/build_base_archer-noread-profiler.0000/fma1.f90","2173","ImplTaskRegion16",1.45423,1.45423,35938530,35938530,66692212,66692212,1650488,1650488,228369,228369,1615464,1615464,18813,18813,1451625,1451625,1141913,1141913,35938530,35938530,65041724,65041724,217676,217676,1432812,1432812,309712,309712,1141913,1141913
"362.fma3d","24","archer-noread","0x5c904b","/rwthfs/rz/cluster/work/pj416018/jube-out/spec-out/benchspec/OMP2012/362.fma3d/build/build_base_archer-noread-profiler.0000/fma1.f90","2251","ImplTaskRegion17",0.135611,0.135611,2087357,2087357,3860113,3860113,94187,94187,44564,44564,120006,120006,17534,17534,91974,91974,47838,47838,2087357,2087357,3765926,3765926,19747,19747,74440,74440,44136,44136,47838,47838
"362.fma3d","24","archer-noread","0x5e6c58","/rwthfs/rz/cluster/work/pj416018/jube-out/spec-out/benchspec/OMP2012/362.fma3d/build/build_base_archer-noread-profiler.0000/fma1.f90","271","ImplTaskRegion18",0.0006392,0.0006392,93420,93420,160010,160010,9983,9983,38978,38978,47372,47372,22899,22899,30193,30193,17249,17249,93420,93420,150027,150027,2689,2689,7294,7294,12944,12944,17249,17249
"362.fma3d","24","archer-noread","0x5e6d87","/rwthfs/rz/cluster/work/pj416018/jube-out/spec-out/benchspec/OMP2012/362.fma3d/build/build_base_archer-noread-profiler.0000/fma1.f90","292","ImplTaskRegion19",0.00041151,0.00041151,82951,82951,139535,139535,7387,7387,24613,24613,30910,30910,12151,12151,15635,15635,9482,9482,82951,82951,132148,132148,3903,3903,3484,3484,6153,6153,9482,9482
"362.fma3d","24","archer-noread","0x5e7117","/rwthfs/rz/cluster/work/pj416018/jube-out/spec-out/benchspec/OMP2012/362.fma3d/build/build_base_archer-noread-profiler.0000/fma1.f90","350","ImplTaskRegion20",0.0798581,0.0798581,1393286,1393286,2519621,2519621,63464,63464,27857,27857,83483,83483,8231,8231,62561,62561,30521,30521,1393286,1393286,2456157,2456157,9134,9134,54330,54330,32040,32040,30521,30521
"362.fma3d","24","archer-noread","0x5e7317","/rwthfs/rz/cluster/work/pj416018/jube-out/spec-out/benchspec/OMP2012/362.fma3d/build/build_base_archer-noread-profiler.0000/fma1.f90","362","ImplTaskRegion21",0.0883794,0.0883794,1382839,1382839,2500868,2500868,65751,65751,23393,23393,80304,80304,4838,4838,59471,59471,27458,27458,1382839,1382839,2435117,2435117,11118,11118,54633,54633,32013,32013,27458,27458
"362.fma3d","24","archer-noread","0x5e7838","/rwthfs/rz/cluster/work/pj416018/jube-out/spec-out/benchspec/OMP2012/362.fma3d/build/build_base_archer-noread-profiler.0000/fma1.f90","411","ImplTaskRegion22",0.857671,0.857671,18312815,18312815,34410923,34410923,926415,926415,43421,43421,803992,803992,13838,13838,801934,801934,611836,611836,18312815,18312815,33484508,33484508,138319,138319,788096,788096,190098,190098,611836,611836
"362.fma3d","24","archer-noread","0x5e7945","/rwthfs/rz/cluster/work/pj416018/jube-out/spec-out/benchspec/OMP2012/362.fma3d/build/build_base_archer-noread-profiler.0000/fma1.f90","422","ImplTaskRegion23",0.57047,0.57047,12235779,12235779,22697074,22697074,601746,601746,54524,54524,539339,539339,14556,14556,535499,535499,377748,377748,12235779,12235779,22095328,22095328,80803,80803,520943,520943,157751,157751,377748,377748
"362.fma3d","24","archer-noread","0x585c20","/rwthfs/rz/cluster/work/pj416018/jube-out/spec-out/benchspec/OMP2012/362.fma3d/build/build_base_archer-noread-profiler.0000/fma1.f90","9313","ImplTaskRegion24",0.0930133,0.0930133,30474026,30474026,57414197,57414197,3289555,3289555,30393,30393,1135942,1135942,21470,21470,3303019,3303019,3011757,3011757,30474026,30474026,54124642,54124642,8006,8006,3281549,3281549,291262,291262,3011757,3011757
"362.fma3d","24","archer-noread","0x591595","/rwthfs/rz/cluster/work/pj416018/jube-out/spec-out/benchspec/OMP2012/362.fma3d/build/build_base_archer-noread-profiler.0000/fma1.f90","9461","ImplTaskRegion25",0.00546241,0.00546241,692034,692034,1354428,1354428,203838,203838,23256,23256,133597,133597,13233,13233,382802,382802,373354,373354,692034,692034,1150590,1150590,-165731,-165731,369569,369569,9448,9448,373354,373354
"362.fma3d","24","archer-noread","0x5915d1","/rwthfs/rz/cluster/work/pj416018/jube-out/spec-out/benchspec/OMP2012/362.fma3d/build/build_base_archer-noread-profiler.0000/fma1.f90","9471","ImplTaskRegion26",0.000156641,0.000156641,80091,80091,134133,134133,5035,5035,12526,12526,16619,16619,3463,3463,4452,4452,2482,2482,80091,80091,129098,129098,4046,4046,989,989,1970,1970,2482,2482
"362.fma3d","24","archer-noread","0x59160d","/rwthfs/rz/cluster/work/pj416018/jube-out/spec-out/benchspec/OMP2012/362.fma3d/build/build_base_archer-noread-profiler.0000/fma1.f90","9478","ImplTaskRegion27",0.0207987,0.0207987,5011149,5011149,10702928,10702928,740958,740958,21341,21341,485384,485384,10574,10574,818402,818402,726301,726301,5011149,5011149,9961970,9961970,-66870,-66870,807828,807828,92101,92101,726301,726301
"362.fma3d","24","archer-noread","0x591649","/rwthfs/rz/cluster/work/pj416018/jube-out/spec-out/benchspec/OMP2012/362.fma3d/build/build_base_archer-noread-profiler.0000/fma1.f90","9483","ImplTaskRegion28",0.000187874,0.000187874,79752,79752,133638,133638,5331,5331,11422,11422,15869,15869,4048,4048,5575,5575,3121,3121,79752,79752,128307,128307,3804,3804,1527,1527,2454,2454,3121,3121
"362.fma3d","24","archer-noread","0x591685","/rwthfs/rz/cluster/work/pj416018/jube-out/spec-out/benchspec/OMP2012/362.fma3d/build/build_base_archer-noread-profiler.0000/fma1.f90","9487","ImplTaskRegion29",0.000213146,0.000213146,79729,79729,133640,133640,5095,5095,11864,11864,16071,16071,691,691,1256,1256,705,705,79729,79729,128545,128545,4530,4530,565,565,551,551,705,705
"362.fma3d","24","archer-noread","0x5916bf","/rwthfs/rz/cluster/work/pj416018/jube-out/spec-out/benchspec/OMP2012/362.fma3d/build/build_base_archer-noread-profiler.0000/fma1.f90","9494","ImplTaskRegion30",0.000152588,0.000152588,80028,80028,134126,134126,4733,4733,11995,11995,15939,15939,271,271,1324,1324,713,713,80028,80028,129393,129393,3680,3680,1053,1053,611,611,713,713
"362.fma3d","24","archer-noread","0x591823","/rwthfs/rz/cluster/work/pj416018/jube-out/spec-out/benchspec/OMP2012/362.fma3d/build/build_base_archer-noread-profiler.0000/fma1.f90","9533","ImplTaskRegion31",0.000173569,0.000173569,79691,79691,133638,133638,5048,5048,11553,11553,15682,15682,2012,2012,3209,3209,2144,2144,79691,79691,128590,128590,3851,3851,1197,1197,1065,1065,2144,2144
"362.fma3d","24","archer-noread","0x59185d","/rwthfs/rz/cluster/work/pj416018/jube-out/spec-out/benchspec/OMP2012/362.fma3d/build/build_base_archer-noread-profiler.0000/fma1.f90","9540","ImplTaskRegion32",0.0274501,0.0274501,7321909,7321909,16512432,16512432,968928,968928,18941,18941,439662,439662,9682,9682,1497151,1497151,1293836,1293836,7321909,7321909,15543504,15543504,-518541,-518541,1487469,1487469,203315,203315,1293836,1293836
"362.fma3d","24","archer-noread","0x591897","/rwthfs/rz/cluster/work/pj416018/jube-out/spec-out/benchspec/OMP2012/362.fma3d/build/build_base_archer-noread-profiler.0000/fma1.f90","9548","ImplTaskRegion33",0.000532627,0.000532627,82338,82338,136996,136996,6333,6333,12560,12560,17761,17761,4729,4729,6391,6391,3721,3721,82338,82338,130663,130663,4671,4671,1662,1662,2670,2670,3721,3721
"362.fma3d","24","archer-noread","0x5918d3","/rwthfs/rz/cluster/work/pj416018/jube-out/spec-out/benchspec/OMP2012/362.fma3d/build/build_base_archer-noread-profiler.0000/fma1.f90","9555","ImplTaskRegion34",0.000267982,0.000267982,79983,79983,133891,133891,4675,4675,11086,11086,14981,14981,431,431,1094,1094,622,622,79983,79983,129216,129216,4012,4012,663,663,472,472,622,622
"362.fma3d","24","archer-noread","0x59190f","/rwthfs/rz/cluster/work/pj416018/jube-out/spec-out/benchspec/OMP2012/362.fma3d/build/build_base_archer-noread-profiler.0000/fma1.f90","9562","ImplTaskRegion35",0.000215769,0.000215769,79728,79728,133636,133636,5927,5927,11998,11998,17045,17045,768,768,2061,2061,970,970,79728,79728,127709,127709,4634,4634,1293,1293,1091,1091,970,970
"362.fma3d","24","archer-noread","0x66dfe0","/rwthfs/rz/cluster/work/pj416018/jube-out/spec-out/benchspec/OMP2012/362.fma3d/build/build_base_archer-noread-profiler.0000/fma2.f90","137","ImplTaskRegion36",0.0138843,0.0138843,3755967,3755967,7044442,7044442,782653,782653,19647,19647,403640,403640,11408,11408,965632,965632,717737,717737,3755967,3755967,6261789,6261789,-171571,-171571,954224,954224,247895,247895,717737,717737
"362.fma3d","24","archer-noread","0x66e233","/rwthfs/rz/cluster/work/pj416018/jube-out/spec-out/benchspec/OMP2012/362.fma3d/build/build_base_archer-noread-profiler.0000/fma2.f90","178","ImplTaskRegion37",0.0209677,0.0209677,7430021,7430021,13777468,13777468,800244,800244,18110,18110,289888,289888,13161,13161,811760,811760,802327,802327,7430021,7430021,12977224,12977224,1645,1645,798599,798599,9433,9433,802327,802327
"362.fma3d","24","archer-noread","0x54ee62","/rwthfs/rz/cluster/work/pj416018/jube-out/spec-out/benchspec/OMP2012/362.fma3d/build/build_base_archer-noread-profiler.0000/platq.f90","172","ImplTaskRegion38",0.94647,0.94647,701437127,701437127,1688222474,1688222474,17418009,17418009,15164265,15164265,24964566,24964566,173623,173623,12736389,12736389,10755608,10755608,701437127,701437127,1670804465,1670804465,4855243,4855243,12562766,12562766,1980781,1980781,10755608,10755608
"362.fma3d","24","archer-noread","0x54ddc8","/rwthfs/rz/cluster/work/pj416018/jube-out/spec-out/benchspec/OMP2012/362.fma3d/build/build_base_archer-noread-profiler.0000/platq.f90","541","ImplTaskRegion39",0.0797894,0.0797894,1305542,1305542,2409384,2409384,48346,48346,23079,23079,63170,63170,5731,5731,43906,43906,14970,14970,1305542,1305542,2361038,2361038,10171,10171,38175,38175,28936,28936,14970,14970
"362.fma3d","24","archer-noread","0x54e0e2","/rwthfs/rz/cluster/work/pj416018/jube-out/spec-out/benchspec/OMP2012/362.fma3d/build/build_base_archer-noread-profiler.0000/platq.f90","570","ImplTaskRegion40",0.0030551,0.0030551,1305784,1305784,3320456,3320456,85118,85118,17198,17198,46847,46847,4294,4294,84860,84860,28816,28816,1305784,1305784,3235338,3235338,4552,4552,80566,80566,56044,56044,28816,28816
"362.fma3d","24","archer-noread","0x54e43c","/rwthfs/rz/cluster/work/pj416018/jube-out/spec-out/benchspec/OMP2012/362.fma3d/build/build_base_archer-noread-profiler.0000/platq.f90","585","ImplTaskRegion41",0.251467,0.251467,11279864,11279864,20950491,20950491,462809,462809,52612,52612,455093,455093,17583,17583,430091,430091,202592,202592,11279864,11279864,20487682,20487682,50301,50301,412508,412508,227499,227499,202592,202592
"362.fma3d","24","archer-noread","0x54ecf1","/rwthfs/rz/cluster/work/pj416018/jube-out/spec-out/benchspec/OMP2012/362.fma3d/build/build_base_archer-noread-profiler.0000/platq.f90","599","ImplTaskRegion42",0.0930214,0.0930214,31373208,31373208,87320879,87320879,2862920,2862920,48433,48433,1821760,1821760,33780,33780,3727835,3727835,3141911,3141911,31373208,31373208,84457959,84457959,-831135,-831135,3694055,3694055,585924,585924,3141911,3141911
"362.fma3d","24","archer-noread","0x62ef2e","/rwthfs/rz/cluster/work/pj416018/jube-out/spec-out/benchspec/OMP2012/362.fma3d/build/build_base_archer-noread-profiler.0000/fma2.f90","4202","ImplTaskRegion43",110.389,110.389,27279920655,27279920655,65035470687,65035470687,4884290782,4884290782,17706353,17706353,2646540281,2646540281,13415410,13415410,9389987283,9389987283,6413304757,6413304757,27279920655,27279920655,60151179905,60151179905,-4492281091,-4492281091,9376571873,9376571873,2976682526,2976682526,6413304757,6413304757
"362.fma3d","24","archer-noread","0x66e438","/rwthfs/rz/cluster/work/pj416018/jube-out/spec-out/benchspec/OMP2012/362.fma3d/build/build_base_archer-noread-profiler.0000/fma2.f90","254","ImplTaskRegion44",0.0210435,0.0210435,5943124,5943124,15297291,15297291,649932,649932,24951,24951,170573,170573,18405,18405,991203,991203,827791,827791,5943124,5943124,14647359,14647359,-322866,-322866,972798,972798,163412,163412,827791,827791
"362.fma3d","24","archer-noread","0x66e65b","/rwthfs/rz/cluster/work/pj416018/jube-out/spec-out/benchspec/OMP2012/362.fma3d/build/build_base_archer-noread-profiler.0000/fma2.f90","307","ImplTaskRegion45",0.0418336,0.0418336,5939799,5939799,14389456,14389456,1410012,1410012,24255,24255,331139,331139,17703,17703,2274715,2274715,2062089,2062089,5939799,5939799,12979444,12979444,-847000,-847000,2257012,2257012,212626,212626,2062089,2062089
"362.fma3d","24","archer-noread","0x66e759","/rwthfs/rz/cluster/work/pj416018/jube-out/spec-out/benchspec/OMP2012/362.fma3d/build/build_base_archer-noread-profiler.0000/fma2.f90","338","ImplTaskRegion46",46.6987,46.6987,10214350731,10214350731,22033309111,22033309111,1640842614,1640842614,11928033,11928033,699317979,699317979,9376429,9376429,2207057920,2207057920,2187326865,2187326865,10214350731,10214350731,20392466497,20392466497,-556838877,-556838877,2197681491,2197681491,19731055,19731055,2187326865,2187326865
"362.fma3d","24","archer-noread","0x663a1c","/rwthfs/rz/cluster/work/pj416018/jube-out/spec-out/benchspec/OMP2012/362.fma3d/build/build_base_archer-noread-profiler.0000/fma2.f90","5279","ImplTaskRegion47",0.000473499,0.000473499,121388,121388,252586,252586,10851,10851,13011,13011,19717,19717,5494,5494,14276,14276,8995,8995,121388,121388,241735,241735,2069,2069,8782,8782,5281,5281,8995,8995
"362.fma3d","24","archer-noread","0x663a61","/rwthfs/rz/cluster/work/pj416018/jube-out/spec-out/benchspec/OMP2012/362.fma3d/build/build_base_archer-noread-profiler.0000/fma2.f90","5541","ImplTaskRegion48",1.02327,1.02327,458498316,458498316,1072579689,1072579689,36649178,36649178,7219144,7219144,29929861,29929861,2866245,2866245,42940645,42940645,25065381,25065381,458498316,458498316,1035930511,1035930511,-3425222,-3425222,40074400,40074400,17875264,17875264,25065381,25065381
"362.fma3d","24","archer-noread","0x66e840","/rwthfs/rz/cluster/work/pj416018/jube-out/spec-out/benchspec/OMP2012/362.fma3d/build/build_base_archer-noread-profiler.0000/fma2.f90","459","ImplTaskRegion49",39.3411,39.3411,18815599068,18815599068,42154156956,42154156956,1371197002,1371197002,17759417,17759417,643314914,643314914,12561463,12561463,1587128524,1587128524,1485316194,1485316194,18815599068,18815599068,40782959954,40782959954,-203370059,-203370059,1574567061,1574567061,101812330,101812330,1485316194,1485316194
"362.fma3d","24","archer-noread","0x66e9c0","/rwthfs/rz/cluster/work/pj416018/jube-out/spec-out/benchspec/OMP2012/362.fma3d/build/build_base_archer-noread-profiler.0000/fma2.f90","569","ImplTaskRegion50",28.6441,28.6441,8555799218,8555799218,14757241129,14757241129,994832385,994832385,13134206,13134206,259664950,259664950,9775543,9775543,1237940820,1237940820,1091458062,1091458062,8555799218,8555799218,13762408744,13762408744,-233332892,-233332892,1228165277,1228165277,146482758,146482758,1091458062,1091458062
"362.fma3d","24","archer-noread","0x54ef6d","/rwthfs/rz/cluster/work/pj416018/jube-out/spec-out/benchspec/OMP2012/362.fma3d/build/build_base_archer-noread-profiler.0000/platq.f90","386","ImplTaskRegion51",397.446,397.446,285084205977,285084205977,681989722847,681989722847,7012912670,7012912670,10752500439,10752500439,14817120350,14817120350,65981291,65981291,5227685867,5227685867,4488901638,4488901638,285084205977,285084205977,674976810177,674976810177,1851208094,1851208094,5161704576,5161704576,738784229,738784229,4488901638,4488901638
